Time	Occupied	bay_id
2019-02-04 05:04:01	0	567
2019-02-04 05:04:01	0	568
2019-02-04 05:04:01	0	570
2019-02-04 05:04:01	0	571
2019-02-04 05:04:01	0	572
2019-02-04 05:04:01	0	573
2019-02-04 05:04:01	0	574
2019-02-04 05:04:01	0	575
2019-02-04 05:04:01	0	576
2019-02-04 05:04:01	0	577
2019-02-04 05:04:01	1	578
2019-02-04 05:04:01	0	579
2019-02-04 05:04:01	0	580
2019-02-04 05:04:01	0	581
2019-02-04 05:04:01	0	585
2019-02-04 05:04:01	0	586
2019-02-04 05:04:01	0	587
2019-02-04 05:04:01	0	588
2019-02-04 05:04:01	0	589
2019-02-04 05:04:01	1	590
2019-02-04 05:04:01	0	591
2019-02-04 05:04:01	0	592
2019-02-04 05:04:01	1	594
2019-02-04 05:04:01	0	595
2019-02-04 05:04:01	0	610
2019-02-04 05:04:01	0	623
2019-02-04 05:04:01	0	624
2019-02-04 05:04:01	0	625
2019-02-04 05:04:01	0	626
2019-02-04 05:04:01	0	627
2019-02-04 05:04:01	0	628
2019-02-04 05:04:01	0	630
2019-02-04 05:04:01	0	631
2019-02-04 05:04:01	0	632
2019-02-04 05:04:01	0	633
2019-02-04 05:04:01	0	634
2019-02-04 05:04:01	0	635
2019-02-04 05:04:01	0	637
2019-02-04 05:04:01	0	639
2019-02-04 05:04:01	0	641
2019-02-04 05:04:01	0	643
2019-02-04 05:04:01	0	644
2019-02-04 05:04:01	0	645
2019-02-04 05:04:01	0	646
2019-02-04 05:04:01	0	649
2019-02-04 05:04:01	0	650
2019-02-04 05:04:01	0	652
2019-02-04 05:04:01	0	655
2019-02-04 05:04:01	0	657
2019-02-04 05:04:01	0	658
2019-02-04 05:04:01	0	659
2019-02-04 05:04:01	0	660
2019-02-04 05:04:01	1	661
2019-02-04 05:04:01	0	662
2019-02-04 05:04:01	0	663
2019-02-04 05:04:01	0	673
2019-02-04 05:04:01	0	674
2019-02-04 05:04:01	0	675
2019-02-04 05:04:01	0	676
2019-02-04 05:04:01	1	677
2019-02-04 05:04:01	0	679
2019-02-04 05:04:01	0	680
2019-02-04 05:04:01	0	681
2019-02-04 05:04:01	1	682
2019-02-04 05:04:01	0	683
2019-02-04 05:04:01	1	684
2019-02-04 05:04:01	0	685
2019-02-04 05:04:01	1	687
2019-02-04 05:04:01	0	688
2019-02-04 05:04:01	0	690
2019-02-04 05:04:01	0	696
2019-02-04 05:04:01	0	697
2019-02-04 05:04:01	0	698
2019-02-04 05:04:01	0	699
2019-02-04 05:04:01	0	701
2019-02-04 05:04:01	0	702
2019-02-04 05:04:01	0	703
2019-02-04 05:04:01	0	705
2019-02-04 05:04:01	0	706
2019-02-04 05:04:01	0	708
2019-02-04 05:04:01	0	710
2019-02-04 05:04:01	0	712
2019-02-04 05:04:01	0	713
2019-02-04 05:04:01	1	716
2019-02-04 05:04:01	0	718
2019-02-04 05:04:01	0	719
2019-02-04 05:04:01	0	720
2019-02-04 05:04:01	0	722
2019-02-04 05:04:01	0	723
2019-02-04 05:04:01	0	724
2019-02-04 05:04:01	0	725
2019-02-04 05:04:01	0	726
2019-02-04 05:04:01	0	727
2019-02-04 05:04:01	0	728
2019-02-04 05:04:01	0	729
2019-02-04 05:04:01	0	730
2019-02-04 05:04:01	0	731
2019-02-04 05:04:01	0	733
2019-02-04 05:04:01	0	734
2019-02-04 05:04:01	0	737
2019-02-04 05:04:01	0	738
2019-02-04 05:04:01	0	739
2019-02-04 05:04:01	0	740
2019-02-04 05:04:01	0	742
2019-02-04 05:04:01	1	743
2019-02-04 05:04:01	1	744
2019-02-04 05:04:01	1	745
2019-02-04 05:04:01	1	747
2019-02-04 05:04:01	1	748
2019-02-04 05:04:01	0	749
2019-02-04 05:04:01	0	751
2019-02-04 05:04:01	0	752
2019-02-04 05:04:01	0	754
2019-02-04 05:04:01	0	755
2019-02-04 05:04:01	0	756
2019-02-04 05:04:01	0	757
2019-02-04 05:04:01	0	758
2019-02-04 05:04:01	0	759
2019-02-04 05:04:01	0	760
2019-02-04 05:04:01	0	763
2019-02-04 05:04:01	0	764
2019-02-04 05:04:01	0	765
2019-02-04 05:04:01	0	766
2019-02-04 05:04:01	0	767
2019-02-04 05:04:01	0	769
2019-02-04 05:04:01	0	770
2019-02-04 05:04:01	0	771
2019-02-04 05:04:01	0	773
2019-02-04 05:04:01	0	774
2019-02-04 05:04:01	0	775
2019-02-04 05:04:01	1	776
2019-02-04 05:04:01	0	790
2019-02-04 05:04:01	0	791
2019-02-04 05:04:01	1	792
2019-02-04 05:04:01	0	796
2019-02-04 05:04:01	0	797
2019-02-04 05:04:01	0	799
2019-02-04 05:04:01	0	800
2019-02-04 05:04:01	0	801
2019-02-04 05:04:01	0	802
2019-02-04 05:04:01	0	803
2019-02-04 05:04:01	0	804
2019-02-04 05:04:01	0	806
2019-02-04 05:04:01	1	807
2019-02-04 05:04:01	0	808
2019-02-04 05:04:01	0	809
2019-02-04 05:04:01	0	810
2019-02-04 05:04:01	0	811
2019-02-04 05:04:01	0	813
2019-02-04 05:04:01	0	815
2019-02-04 05:04:01	0	822
2019-02-04 05:04:01	0	823
2019-02-04 05:04:01	0	825
2019-02-04 05:04:01	0	826
2019-02-04 05:04:01	0	828
2019-02-04 05:04:01	0	830
2019-02-04 05:04:01	0	831
2019-02-04 05:04:01	0	833
2019-02-04 05:04:01	0	834
2019-02-04 05:04:01	0	835
2019-02-04 05:04:01	0	836
2019-02-04 05:04:01	0	840
2019-02-04 05:04:01	0	842
2019-02-04 05:04:01	0	843
2019-02-04 05:04:01	0	844
2019-02-04 05:04:01	0	845
2019-02-04 05:04:01	0	847
2019-02-04 05:04:01	0	848
2019-02-04 05:04:01	0	850
2019-02-04 05:04:01	0	857
2019-02-04 05:04:01	0	858
2019-02-04 05:04:01	0	862
2019-02-04 05:04:01	0	864
2019-02-04 05:04:01	1	865
2019-02-04 05:04:01	1	866
2019-02-04 05:04:01	0	867
2019-02-04 05:04:01	0	869
2019-02-04 05:04:01	0	873
2019-02-04 05:04:01	0	874
2019-02-04 05:04:01	0	876
2019-02-04 05:04:01	0	878
2019-02-04 05:04:01	0	881
2019-02-04 05:04:01	0	883
2019-02-04 05:04:01	1	884
2019-02-04 05:04:01	0	886
2019-02-04 05:04:01	0	887
2019-02-04 05:04:01	1	888
2019-02-04 05:04:01	0	911
2019-02-04 05:04:01	0	912
2019-02-04 05:04:01	0	913
2019-02-04 05:04:01	1	914
2019-02-04 05:04:01	0	916
2019-02-04 05:04:01	0	917
2019-02-04 05:04:01	0	918
2019-02-04 05:04:01	0	919
2019-02-04 05:04:01	0	920
2019-02-04 05:04:01	0	927
2019-02-04 05:04:01	1	928
2019-02-04 05:04:01	0	930
2019-02-04 05:04:01	0	932
2019-02-04 05:04:01	0	933
2019-02-04 05:04:01	0	934
2019-02-04 05:04:01	0	939
2019-02-04 05:04:01	0	940
2019-02-04 05:04:01	0	941
2019-02-04 05:04:01	0	942
2019-02-04 05:04:01	0	943
2019-02-04 05:04:01	0	944
2019-02-04 05:04:01	1	945
2019-02-04 05:04:01	1	946
2019-02-04 05:04:01	1	947
2019-02-04 05:04:01	0	948
2019-02-04 05:04:01	0	949
2019-02-04 05:04:01	1	950
2019-02-04 05:04:01	0	951
2019-02-04 05:04:01	0	952
2019-02-04 05:04:01	0	953
2019-02-04 05:04:01	0	954
2019-02-04 05:04:01	0	956
2019-02-04 05:04:01	0	957
2019-02-04 05:04:01	0	958
2019-02-04 05:04:01	1	981
2019-02-04 05:04:01	0	983
2019-02-04 05:04:01	0	984
2019-02-04 05:04:01	1	985
2019-02-04 05:04:01	0	1005
2019-02-04 05:04:01	0	1006
2019-02-04 05:04:01	1	1007
2019-02-04 05:04:01	0	1009
2019-02-04 05:04:01	0	1011
2019-02-04 05:04:01	0	1012
2019-02-04 05:04:01	0	1022
2019-02-04 05:04:01	0	1023
2019-02-04 05:04:01	0	1024
2019-02-04 05:04:01	0	1025
2019-02-04 05:04:01	0	1026
2019-02-04 05:04:01	0	1027
2019-02-04 05:04:01	0	1029
2019-02-04 05:04:01	0	1030
2019-02-04 05:04:01	1	1031
2019-02-04 05:04:01	1	1032
2019-02-04 05:04:01	1	1033
2019-02-04 05:04:01	0	1034
2019-02-04 05:04:01	0	1035
2019-02-04 05:04:01	0	1036
2019-02-04 05:04:01	0	1037
2019-02-04 05:04:01	0	1038
2019-02-04 05:04:01	0	1039
2019-02-04 05:04:01	0	1040
2019-02-04 05:04:01	0	1041
2019-02-04 05:04:01	0	1053
2019-02-04 05:04:01	1	1055
2019-02-04 05:04:01	0	1057
2019-02-04 05:04:01	0	1058
2019-02-04 05:04:01	1	1060
2019-02-04 05:04:01	0	1063
2019-02-04 05:04:01	0	1067
2019-02-04 05:04:01	1	1070
2019-02-04 05:04:01	0	1087
2019-02-04 05:04:01	0	1088
2019-02-04 05:04:01	0	1089
2019-02-04 05:04:01	1	1090
2019-02-04 05:04:01	0	1091
2019-02-04 05:04:01	0	1092
2019-02-04 05:04:01	0	1094
2019-02-04 05:04:01	0	1095
2019-02-04 05:04:01	0	1096
2019-02-04 05:04:01	0	1097
2019-02-04 05:04:01	0	1098
2019-02-04 05:04:01	0	1099
2019-02-04 05:04:01	1	1100
2019-02-04 05:04:01	0	1101
2019-02-04 05:04:01	1	1102
2019-02-04 05:04:01	0	1103
2019-02-04 05:04:01	0	1105
2019-02-04 05:04:01	0	1106
2019-02-04 05:04:01	0	1107
2019-02-04 05:04:01	1	1108
2019-02-04 05:04:01	1	1109
2019-02-04 05:04:01	0	1111
2019-02-04 05:04:01	0	1112
2019-02-04 05:04:01	0	1113
2019-02-04 05:04:01	0	1114
2019-02-04 05:04:01	0	1116
2019-02-04 05:04:01	0	1118
2019-02-04 05:04:01	0	1119
2019-02-04 05:04:01	0	1120
2019-02-04 05:04:01	0	1122
2019-02-04 05:04:01	1	1123
2019-02-04 05:04:01	0	1124
2019-02-04 05:04:01	0	1125
2019-02-04 05:04:01	0	1126
2019-02-04 05:04:01	1	1127
2019-02-04 05:04:01	0	1129
2019-02-04 05:04:01	0	1133
2019-02-04 05:04:01	0	1134
2019-02-04 05:04:01	0	1137
2019-02-04 05:04:01	0	1138
2019-02-04 05:04:01	1	1139
2019-02-04 05:04:01	0	1140
2019-02-04 05:04:01	0	1141
2019-02-04 05:04:01	0	1142
2019-02-04 05:04:01	0	1143
2019-02-04 05:04:01	0	1144
2019-02-04 05:04:01	0	1145
2019-02-04 05:04:01	0	1146
2019-02-04 05:04:01	1	1147
2019-02-04 05:04:01	1	1148
2019-02-04 05:04:01	0	1149
2019-02-04 05:04:01	1	1150
2019-02-04 05:04:01	1	1151
2019-02-04 05:04:01	0	1153
2019-02-04 05:04:01	1	1154
2019-02-04 05:04:01	0	1155
2019-02-04 05:04:01	0	1156
2019-02-04 05:04:01	0	1157
2019-02-04 05:04:01	0	1158
2019-02-04 05:04:01	0	1159
2019-02-04 05:04:01	0	1160
2019-02-04 05:04:01	0	1161
2019-02-04 05:04:01	1	1162
2019-02-04 05:04:01	1	1163
2019-02-04 05:04:01	0	1164
2019-02-04 05:04:01	0	1260
2019-02-04 05:04:01	0	1263
2019-02-04 05:04:01	1	1264
2019-02-04 05:04:01	1	1265
2019-02-04 05:04:01	0	1266
2019-02-04 05:04:01	0	1268
2019-02-04 05:04:01	1	1274
2019-02-04 05:04:01	0	1276
2019-02-04 05:04:01	0	1278
2019-02-04 05:04:01	0	1280
2019-02-04 05:04:01	0	1285
2019-02-04 05:04:01	0	1287
2019-02-04 05:04:01	0	1291
2019-02-04 05:04:01	0	1297
2019-02-04 05:04:01	0	1298
2019-02-04 05:04:01	1	1300
2019-02-04 05:04:01	0	1304
2019-02-04 05:04:01	0	1305
2019-02-04 05:04:01	0	1307
2019-02-04 05:04:01	0	1313
2019-02-04 05:04:01	0	1315
2019-02-04 05:04:01	0	1316
2019-02-04 05:04:01	0	1318
2019-02-04 05:04:01	0	1319
2019-02-04 05:04:01	0	1321
2019-02-04 05:04:01	0	1322
2019-02-04 05:04:01	0	1324
2019-02-04 05:04:01	0	1325
2019-02-04 05:04:01	0	1329
2019-02-04 05:04:01	0	1338
2019-02-04 05:04:01	0	1348
2019-02-04 05:04:01	0	1350
2019-02-04 05:04:01	0	1352
2019-02-04 05:04:01	0	1353
2019-02-04 05:04:01	0	1354
2019-02-04 05:04:01	0	1356
2019-02-04 05:04:01	0	1358
2019-02-04 05:04:01	0	1359
2019-02-04 05:04:01	0	1398
2019-02-04 05:04:01	0	1399
2019-02-04 05:04:01	0	1400
2019-02-04 05:04:01	0	1407
2019-02-04 05:04:01	0	1410
2019-02-04 05:04:01	0	1411
2019-02-04 05:04:01	0	1412
2019-02-04 05:04:01	0	1413
2019-02-04 05:04:01	1	1414
2019-02-04 05:04:01	0	1415
2019-02-04 05:04:01	0	1416
2019-02-04 05:04:01	0	1417
2019-02-04 05:04:01	0	1419
2019-02-04 05:04:01	0	1427
2019-02-04 05:04:01	0	1428
2019-02-04 05:04:01	0	1429
2019-02-04 05:04:01	0	1452
2019-02-04 05:04:01	0	1453
2019-02-04 05:04:01	1	1454
2019-02-04 05:04:01	1	1470
2019-02-04 05:04:01	0	1471
2019-02-04 05:04:01	0	1472
2019-02-04 05:04:01	0	1473
2019-02-04 05:04:01	0	1474
2019-02-04 05:04:01	0	1475
2019-02-04 05:04:01	0	1495
2019-02-04 05:04:01	0	1496
2019-02-04 05:04:01	0	1501
2019-02-04 05:04:01	0	1503
2019-02-04 05:04:01	1	1504
2019-02-04 05:04:01	0	1528
2019-02-04 05:04:01	0	1530
2019-02-04 05:04:01	0	1531
2019-02-04 05:04:01	0	1532
2019-02-04 05:04:01	0	1535
2019-02-04 05:04:01	0	1536
2019-02-04 05:04:01	0	1537
2019-02-04 05:04:01	0	1538
2019-02-04 05:04:01	1	1539
2019-02-04 05:04:01	0	1540
2019-02-04 05:04:01	1	1541
2019-02-04 05:04:01	0	1542
2019-02-04 05:04:01	0	1543
2019-02-04 05:04:01	0	1544
2019-02-04 05:04:01	0	1545
2019-02-04 05:04:01	0	1586
2019-02-04 05:04:01	0	1587
2019-02-04 05:04:01	1	1588
2019-02-04 05:04:01	0	1589
2019-02-04 05:04:01	0	1591
2019-02-04 05:04:01	0	1592
2019-02-04 05:04:01	0	1593
2019-02-04 05:04:01	0	1597
2019-02-04 05:04:01	0	1615
2019-02-04 05:04:01	1	1647
2019-02-04 05:04:01	0	1648
2019-02-04 05:04:01	0	1652
2019-02-04 05:04:01	1	1653
2019-02-04 05:04:01	0	1654
2019-02-04 05:04:01	0	1655
2019-02-04 05:04:01	1	1657
2019-02-04 05:04:01	1	1658
2019-02-04 05:04:01	0	1659
2019-02-04 05:04:01	0	1674
2019-02-04 05:04:01	0	1678
2019-02-04 05:04:01	1	1681
2019-02-04 05:04:01	0	1683
2019-02-04 05:04:01	0	1684
2019-02-04 05:04:01	1	1685
2019-02-04 05:04:01	1	1686
2019-02-04 05:04:01	0	1687
2019-02-04 05:04:01	0	1688
2019-02-04 05:04:01	0	1689
2019-02-04 05:04:01	0	1690
2019-02-04 05:04:01	0	1693
2019-02-04 05:04:01	0	1696
2019-02-04 05:04:01	0	1697
2019-02-04 05:04:01	0	1702
2019-02-04 05:04:01	0	1704
2019-02-04 05:04:01	0	1728
2019-02-04 05:04:01	0	1729
2019-02-04 05:04:01	1	1730
2019-02-04 05:04:01	0	1731
2019-02-04 05:04:01	1	1733
2019-02-04 05:04:01	0	1734
2019-02-04 05:04:01	0	1735
2019-02-04 05:04:01	0	1736
2019-02-04 05:04:01	0	1738
2019-02-04 05:04:01	0	1739
2019-02-04 05:04:01	0	1741
2019-02-04 05:04:01	0	1744
2019-02-04 05:04:01	1	1745
2019-02-04 05:04:01	0	1747
2019-02-04 05:04:01	1	1748
2019-02-04 05:04:01	1	1749
2019-02-04 05:04:01	0	1750
2019-02-04 05:04:01	1	1751
2019-02-04 05:04:01	1	1752
2019-02-04 05:04:01	0	1753
2019-02-04 05:04:01	0	1755
2019-02-04 05:04:01	0	1757
2019-02-04 05:04:01	0	1759
2019-02-04 05:04:01	0	1761
2019-02-04 05:04:01	0	1762
2019-02-04 05:04:01	1	1763
2019-02-04 05:04:01	0	1764
2019-02-04 05:04:01	0	1766
2019-02-04 05:04:01	0	1767
2019-02-04 05:04:01	0	1768
2019-02-04 05:04:01	0	1769
2019-02-04 05:04:01	0	1770
2019-02-04 05:04:01	0	1771
2019-02-04 05:04:01	0	1772
2019-02-04 05:04:01	0	1789
2019-02-04 05:04:01	0	1790
2019-02-04 05:04:01	0	1797
2019-02-04 05:04:01	0	1798
2019-02-04 05:04:01	0	1799
2019-02-04 05:04:01	0	1827
2019-02-04 05:04:01	0	1828
2019-02-04 05:04:01	0	1829
2019-02-04 05:04:01	0	1830
2019-02-04 05:04:01	0	1834
2019-02-04 05:04:01	0	1835
2019-02-04 05:04:01	0	1836
2019-02-04 05:04:01	0	1841
2019-02-04 05:04:01	0	1843
2019-02-04 05:04:01	0	1844
2019-02-04 05:04:01	0	1845
2019-02-04 05:04:01	0	1847
2019-02-04 05:04:01	1	1848
2019-02-04 05:04:01	0	1850
2019-02-04 05:04:01	0	1851
2019-02-04 05:04:01	0	1852
2019-02-04 05:04:01	0	1853
2019-02-04 05:04:01	0	1854
2019-02-04 05:04:01	0	1855
2019-02-04 05:04:01	0	1856
2019-02-04 05:04:01	0	1857
2019-02-04 05:04:01	0	1858
2019-02-04 05:04:01	1	1859
2019-02-04 05:04:01	0	1861
2019-02-04 05:04:01	0	1862
2019-02-04 05:04:01	0	1863
2019-02-04 05:04:01	0	1864
2019-02-04 05:04:01	1	1866
2019-02-04 05:04:01	0	1867
2019-02-04 05:04:01	1	1868
2019-02-04 05:04:01	0	1870
2019-02-04 05:04:01	0	1873
2019-02-04 05:04:01	0	1875
2019-02-04 05:04:01	0	1890
2019-02-04 05:04:01	0	1891
2019-02-04 05:04:01	0	1895
2019-02-04 05:04:01	0	1896
2019-02-04 05:04:01	0	1897
2019-02-04 05:04:01	0	1899
2019-02-04 05:04:01	0	1900
2019-02-04 05:04:01	0	1901
2019-02-04 05:04:01	0	1919
2019-02-04 05:04:01	0	1920
2019-02-04 05:04:01	0	1922
2019-02-04 05:04:01	0	1951
2019-02-04 05:04:01	0	1952
2019-02-04 05:04:01	0	1954
2019-02-04 05:04:01	0	1955
2019-02-04 05:04:01	0	1956
2019-02-04 05:04:01	0	1957
2019-02-04 05:04:01	0	1958
2019-02-04 05:04:01	0	1959
2019-02-04 05:04:01	0	1961
2019-02-04 05:04:01	0	1964
2019-02-04 05:04:01	0	1965
2019-02-04 05:04:01	0	1966
2019-02-04 05:04:01	0	1967
2019-02-04 05:04:01	0	1978
2019-02-04 05:04:01	0	1979
2019-02-04 05:04:01	0	1980
2019-02-04 05:04:01	0	1981
2019-02-04 05:04:01	0	1983
2019-02-04 05:04:01	0	1984
2019-02-04 05:04:01	0	1988
2019-02-04 05:04:01	0	1990
2019-02-04 05:04:01	0	1992
2019-02-04 05:04:01	0	1994
2019-02-04 05:04:01	0	2005
2019-02-04 05:04:01	1	2016
2019-02-04 05:04:01	1	2018
2019-02-04 05:04:01	0	2019
2019-02-04 05:04:01	0	2020
2019-02-04 05:04:01	0	2021
2019-02-04 05:04:01	0	2022
2019-02-04 05:04:01	0	2023
2019-02-04 05:04:01	0	2024
2019-02-04 05:04:01	0	2025
2019-02-04 05:04:01	0	2026
2019-02-04 05:04:01	1	2027
2019-02-04 05:04:01	0	2029
2019-02-04 05:04:01	0	2030
2019-02-04 05:04:01	0	2031
2019-02-04 05:04:01	0	2032
2019-02-04 05:04:01	0	2033
2019-02-04 05:04:01	0	2034
2019-02-04 05:04:01	0	2036
2019-02-04 05:04:01	0	2037
2019-02-04 05:04:01	0	2038
2019-02-04 05:04:01	0	2042
2019-02-04 05:04:01	0	2043
2019-02-04 05:04:01	0	2044
2019-02-04 05:04:01	0	2097
2019-02-04 05:04:01	0	2098
2019-02-04 05:04:01	0	2099
2019-02-04 05:04:01	0	2100
2019-02-04 05:04:01	0	2101
2019-02-04 05:04:01	0	2130
2019-02-04 05:04:01	0	2143
2019-02-04 05:04:01	1	2145
2019-02-04 05:04:01	1	2146
2019-02-04 05:04:01	0	2152
2019-02-04 05:04:01	1	2153
2019-02-04 05:04:01	0	2158
2019-02-04 05:04:01	1	2159
2019-02-04 05:04:01	1	2170
2019-02-04 05:04:01	0	2172
2019-02-04 05:04:01	1	2174
2019-02-04 05:04:01	0	2188
2019-02-04 05:04:01	1	2189
2019-02-04 05:04:01	0	2190
2019-02-04 05:04:01	0	2191
2019-02-04 05:04:01	1	2192
2019-02-04 05:04:01	1	2194
2019-02-04 05:04:01	1	2195
2019-02-04 05:04:01	1	2196
2019-02-04 05:04:01	0	2197
2019-02-04 05:04:01	0	2199
2019-02-04 05:04:01	1	2204
2019-02-04 05:04:01	0	2235
2019-02-04 05:04:01	0	2237
2019-02-04 05:04:01	0	2238
2019-02-04 05:04:01	0	2242
2019-02-04 05:04:01	0	2244
2019-02-04 05:04:01	0	2246
2019-02-04 05:04:01	0	2247
2019-02-04 05:04:01	0	2248
2019-02-04 05:04:01	0	2249
2019-02-04 05:04:01	0	2250
2019-02-04 05:04:01	1	2251
2019-02-04 05:04:01	1	2252
2019-02-04 05:04:01	0	2255
2019-02-04 05:04:01	0	2287
2019-02-04 05:04:01	0	2289
2019-02-04 05:04:01	1	2290
2019-02-04 05:04:01	1	2292
2019-02-04 05:04:01	0	2293
2019-02-04 05:04:01	1	2294
2019-02-04 05:04:01	0	2297
2019-02-04 05:04:01	1	2299
2019-02-04 05:04:01	0	2300
2019-02-04 05:04:01	0	2301
2019-02-04 05:04:01	1	2302
2019-02-04 05:04:01	0	2305
2019-02-04 05:04:01	0	2306
2019-02-04 05:04:01	0	2307
2019-02-04 05:04:01	0	2308
2019-02-04 05:04:01	0	2310
2019-02-04 05:04:01	0	2312
2019-02-04 05:04:01	0	2313
2019-02-04 05:04:01	0	2314
2019-02-04 05:04:01	0	2315
2019-02-04 05:04:01	0	2316
2019-02-04 05:04:01	1	2318
2019-02-04 05:04:01	0	2321
2019-02-04 05:04:01	0	2322
2019-02-04 05:04:01	1	2323
2019-02-04 05:04:01	0	2324
2019-02-04 05:04:01	0	2325
2019-02-04 05:04:01	0	2326
2019-02-04 05:04:01	0	2327
2019-02-04 05:04:01	0	2328
2019-02-04 05:04:01	0	2340
2019-02-04 05:04:01	0	2341
2019-02-04 05:04:01	0	2344
2019-02-04 05:04:01	0	2345
2019-02-04 05:04:01	0	2347
2019-02-04 05:04:01	0	2348
2019-02-04 05:04:01	0	2349
2019-02-04 05:04:01	0	2350
2019-02-04 05:04:01	0	2352
2019-02-04 05:04:01	0	2353
2019-02-04 05:04:01	0	2354
2019-02-04 05:04:01	0	2355
2019-02-04 05:04:01	0	2356
2019-02-04 05:04:01	0	2357
2019-02-04 05:04:01	0	2358
2019-02-04 05:04:01	0	2360
2019-02-04 05:04:01	0	2361
2019-02-04 05:04:01	0	2362
2019-02-04 05:04:01	0	2363
2019-02-04 05:04:01	0	2364
2019-02-04 05:04:01	0	2366
2019-02-04 05:04:01	0	2367
2019-02-04 05:04:01	0	2368
2019-02-04 05:04:01	0	2369
2019-02-04 05:04:01	0	2370
2019-02-04 05:04:01	0	2371
2019-02-04 05:04:01	0	2372
2019-02-04 05:04:01	0	2373
2019-02-04 05:04:01	0	2374
2019-02-04 05:04:01	0	2376
2019-02-04 05:04:01	0	2378
2019-02-04 05:04:01	1	2379
2019-02-04 05:04:01	0	2408
2019-02-04 05:04:01	0	2409
2019-02-04 05:04:01	0	2410
2019-02-04 05:04:01	0	2411
2019-02-04 05:04:01	0	2412
2019-02-04 05:04:01	0	2414
2019-02-04 05:04:01	0	2415
2019-02-04 05:04:01	0	2417
2019-02-04 05:04:01	0	2418
2019-02-04 05:04:01	0	2419
2019-02-04 05:04:01	0	2420
2019-02-04 05:04:01	0	2421
2019-02-04 05:04:01	0	2422
2019-02-04 05:04:01	0	2447
2019-02-04 05:04:01	0	2448
2019-02-04 05:04:01	0	2449
2019-02-04 05:04:01	0	2450
2019-02-04 05:04:01	0	2451
2019-02-04 05:04:01	0	2452
2019-02-04 05:04:01	0	2454
2019-02-04 05:04:01	0	2455
2019-02-04 05:04:01	0	2456
2019-02-04 05:04:01	0	2457
2019-02-04 05:04:01	0	2458
2019-02-04 05:04:01	0	2459
2019-02-04 05:04:01	0	2460
2019-02-04 05:04:01	0	2473
2019-02-04 05:04:01	0	2480
2019-02-04 05:04:01	0	2483
2019-02-04 05:04:01	0	2490
2019-02-04 05:04:01	0	2491
2019-02-04 05:04:01	0	2492
2019-02-04 05:04:01	0	2493
2019-02-04 05:04:01	0	2494
2019-02-04 05:04:01	0	2495
2019-02-04 05:04:01	1	2496
2019-02-04 05:04:01	0	2497
2019-02-04 05:04:01	1	2499
2019-02-04 05:04:01	0	2501
2019-02-04 05:04:01	0	2504
2019-02-04 05:04:01	0	2506
2019-02-04 05:04:01	0	2510
2019-02-04 05:04:01	0	2512
2019-02-04 05:04:01	1	2514
2019-02-04 05:04:01	0	2518
2019-02-04 05:04:01	0	2524
2019-02-04 05:04:01	0	2525
2019-02-04 05:04:01	0	2526
2019-02-04 05:04:01	0	2527
2019-02-04 05:04:01	1	2528
2019-02-04 05:04:01	0	2530
2019-02-04 05:04:01	0	2531
2019-02-04 05:04:01	0	2532
2019-02-04 05:04:01	1	2533
2019-02-04 05:04:01	0	2534
2019-02-04 05:04:01	0	2535
2019-02-04 05:04:01	0	2536
2019-02-04 05:04:01	1	2537
2019-02-04 05:04:01	0	2538
2019-02-04 05:04:01	0	2540
2019-02-04 05:04:01	0	2541
2019-02-04 05:04:01	0	2542
2019-02-04 05:04:01	0	2544
2019-02-04 05:04:01	0	2545
2019-02-04 05:04:01	0	2546
2019-02-04 05:04:01	0	2548
2019-02-04 05:04:01	0	2549
2019-02-04 05:04:01	1	2550
2019-02-04 05:04:01	1	2551
2019-02-04 05:04:01	0	2552
2019-02-04 05:04:01	0	2553
2019-02-04 05:04:01	0	2555
2019-02-04 05:04:01	0	2556
2019-02-04 05:04:01	0	2557
2019-02-04 05:04:01	0	2560
2019-02-04 05:04:01	0	2561
2019-02-04 05:04:01	0	2562
2019-02-04 05:04:01	0	2564
2019-02-04 05:04:01	0	2565
2019-02-04 05:04:01	0	2567
2019-02-04 05:04:01	0	2568
2019-02-04 05:04:01	0	2569
2019-02-04 05:04:01	0	2570
2019-02-04 05:04:01	1	2572
2019-02-04 05:04:01	0	2573
2019-02-04 05:04:01	0	2582
2019-02-04 05:04:01	0	2583
2019-02-04 05:04:01	0	2585
2019-02-04 05:04:01	0	2589
2019-02-04 05:04:01	0	2627
2019-02-04 05:04:01	0	2630
2019-02-04 05:04:01	1	2632
2019-02-04 05:04:01	0	2633
2019-02-04 05:04:01	0	2637
2019-02-04 05:04:01	0	2639
2019-02-04 05:04:01	0	2641
2019-02-04 05:04:01	0	2642
2019-02-04 05:04:01	0	2643
2019-02-04 05:04:01	0	2644
2019-02-04 05:04:01	0	2646
2019-02-04 05:04:01	0	2648
2019-02-04 05:04:01	0	2649
2019-02-04 05:04:01	0	2651
2019-02-04 05:04:01	0	2652
2019-02-04 05:04:01	0	2653
2019-02-04 05:04:01	0	2655
2019-02-04 05:04:01	0	2656
2019-02-04 05:04:01	1	2657
2019-02-04 05:04:01	0	2658
2019-02-04 05:04:01	0	2659
2019-02-04 05:04:01	1	2661
2019-02-04 05:04:01	0	2662
2019-02-04 05:04:01	0	2663
2019-02-04 05:04:01	1	2664
2019-02-04 05:04:01	0	2665
2019-02-04 05:04:01	0	2666
2019-02-04 05:04:01	1	2667
2019-02-04 05:04:01	0	2670
2019-02-04 05:04:01	0	2672
2019-02-04 05:04:01	0	2673
2019-02-04 05:04:01	0	2674
2019-02-04 05:04:01	0	2675
2019-02-04 05:04:01	0	2676
2019-02-04 05:04:01	0	2677
2019-02-04 05:04:01	0	2678
2019-02-04 05:04:01	0	2679
2019-02-04 05:04:01	0	2680
2019-02-04 05:04:01	0	2681
2019-02-04 05:04:01	0	2682
2019-02-04 05:04:01	0	2684
2019-02-04 05:04:01	0	2685
2019-02-04 05:04:01	0	2686
2019-02-04 05:04:01	0	2687
2019-02-04 05:04:01	0	2688
2019-02-04 05:04:01	0	2689
2019-02-04 05:04:01	1	2690
2019-02-04 05:04:01	0	2691
2019-02-04 05:04:01	0	2694
2019-02-04 05:04:01	0	2696
2019-02-04 05:04:01	0	2698
2019-02-04 05:04:01	0	2700
2019-02-04 05:04:01	1	2706
2019-02-04 05:04:01	0	2714
2019-02-04 05:04:01	0	2715
2019-02-04 05:04:01	0	2717
2019-02-04 05:04:01	0	2718
2019-02-04 05:04:01	0	2726
2019-02-04 05:04:01	0	2727
2019-02-04 05:04:01	0	2731
2019-02-04 05:04:01	0	2732
2019-02-04 05:04:01	0	2733
2019-02-04 05:04:01	0	2734
2019-02-04 05:04:01	0	2735
2019-02-04 05:04:01	0	2736
2019-02-04 05:04:01	0	2738
2019-02-04 05:04:01	0	2745
2019-02-04 05:04:01	1	2747
2019-02-04 05:04:01	0	2748
2019-02-04 05:04:01	0	2749
2019-02-04 05:04:01	0	2750
2019-02-04 05:04:01	0	2751
2019-02-04 05:04:01	0	2753
2019-02-04 05:04:01	0	2754
2019-02-04 05:04:01	0	2887
2019-02-04 05:04:01	0	2888
2019-02-04 05:04:01	0	2889
2019-02-04 05:04:01	0	2890
2019-02-04 05:04:01	0	2891
2019-02-04 05:04:01	1	2892
2019-02-04 05:04:01	0	2896
2019-02-04 05:04:01	0	2897
2019-02-04 05:04:01	0	2898
2019-02-04 05:04:01	0	2899
2019-02-04 05:04:01	0	2900
2019-02-04 05:04:01	0	2901
2019-02-04 05:04:01	0	2902
2019-02-04 05:04:01	0	2903
2019-02-04 05:04:01	0	2904
2019-02-04 05:04:01	0	2905
2019-02-04 05:04:01	0	2906
2019-02-04 05:04:01	0	2907
2019-02-04 05:04:01	0	2908
2019-02-04 05:04:01	0	2909
2019-02-04 05:04:01	0	2910
2019-02-04 05:04:01	0	2911
2019-02-04 05:04:01	0	2912
2019-02-04 05:04:01	0	2913
2019-02-04 05:04:01	0	2914
2019-02-04 05:04:01	0	2915
2019-02-04 05:04:01	1	2918
2019-02-04 05:04:01	0	2919
2019-02-04 05:04:01	0	2921
2019-02-04 05:04:01	0	2922
2019-02-04 05:04:01	0	2924
2019-02-04 05:04:01	1	2925
2019-02-04 05:04:01	0	2927
2019-02-04 05:04:01	0	2928
2019-02-04 05:04:01	0	2929
2019-02-04 05:04:01	0	2930
2019-02-04 05:04:01	0	2932
2019-02-04 05:04:01	0	2934
2019-02-04 05:04:01	0	2936
2019-02-04 05:04:01	0	2999
2019-02-04 05:04:01	0	3000
2019-02-04 05:04:01	0	3001
2019-02-04 05:04:01	0	3002
2019-02-04 05:04:01	0	3004
2019-02-04 05:04:01	0	3005
2019-02-04 05:04:01	0	3006
2019-02-04 05:04:01	0	3007
2019-02-04 05:04:01	0	3008
2019-02-04 05:04:01	0	3009
2019-02-04 05:04:01	1	3010
2019-02-04 05:04:01	0	3011
2019-02-04 05:04:01	0	3012
2019-02-04 05:04:01	0	3013
2019-02-04 05:04:01	0	3014
2019-02-04 05:04:01	1	3015
2019-02-04 05:04:01	0	3016
2019-02-04 05:04:01	0	3018
2019-02-04 05:04:01	0	3019
2019-02-04 05:04:01	0	3020
2019-02-04 05:04:01	0	3021
2019-02-04 05:04:01	1	3023
2019-02-04 05:04:01	1	3027
2019-02-04 05:04:01	1	3028
2019-02-04 05:04:01	0	3030
2019-02-04 05:04:01	1	3031
2019-02-04 05:04:01	0	3032
2019-02-04 05:04:01	1	3033
2019-02-04 05:04:01	0	3034
2019-02-04 05:04:01	0	3037
2019-02-04 05:04:01	0	3038
2019-02-04 05:04:01	0	3039
2019-02-04 05:04:01	0	3041
2019-02-04 05:04:01	0	3042
2019-02-04 05:04:01	1	3044
2019-02-04 05:04:01	0	3045
2019-02-04 05:04:01	0	3046
2019-02-04 05:04:01	0	3047
2019-02-04 05:04:01	0	3048
2019-02-04 05:04:01	0	3049
2019-02-04 05:04:01	0	3050
2019-02-04 05:04:01	0	3051
2019-02-04 05:04:01	1	3058
2019-02-04 05:04:01	0	3059
2019-02-04 05:04:01	1	3060
2019-02-04 05:04:01	1	3062
2019-02-04 05:04:01	1	3063
2019-02-04 05:04:01	1	3064
2019-02-04 05:04:01	1	3065
2019-02-04 05:04:01	0	3066
2019-02-04 05:04:01	0	3067
2019-02-04 05:04:01	0	3076
2019-02-04 05:04:01	0	3081
2019-02-04 05:04:01	0	3082
2019-02-04 05:04:01	0	3085
2019-02-04 05:04:01	0	3086
2019-02-04 05:04:01	0	3087
2019-02-04 05:04:01	0	3089
2019-02-04 05:04:01	0	3090
2019-02-04 05:04:01	0	3091
2019-02-04 05:04:01	0	3092
2019-02-04 05:04:01	1	3095
2019-02-04 05:04:01	0	3096
2019-02-04 05:04:01	0	3098
2019-02-04 05:04:01	0	3100
2019-02-04 05:04:01	0	3102
2019-02-04 05:04:01	1	3103
2019-02-04 05:04:01	1	3104
2019-02-04 05:04:01	0	3107
2019-02-04 05:04:01	0	3108
2019-02-04 05:04:01	0	3109
2019-02-04 05:04:01	1	3110
2019-02-04 05:04:01	0	3111
2019-02-04 05:04:01	0	3112
2019-02-04 05:04:01	0	3113
2019-02-04 05:04:01	0	3114
2019-02-04 05:04:01	0	3115
2019-02-04 05:04:01	0	3116
2019-02-04 05:04:01	0	3117
2019-02-04 05:04:01	0	3118
2019-02-04 05:04:01	0	3119
2019-02-04 05:04:01	0	3121
2019-02-04 05:04:01	1	3122
2019-02-04 05:04:01	0	3123
2019-02-04 05:04:01	0	3124
2019-02-04 05:04:01	0	3125
2019-02-04 05:04:01	0	3146
2019-02-04 05:04:01	1	3147
2019-02-04 05:04:01	0	3148
2019-02-04 05:04:01	0	3161
2019-02-04 05:04:01	0	3171
2019-02-04 05:04:01	0	3175
2019-02-04 05:04:01	0	3176
2019-02-04 05:04:01	0	3177
2019-02-04 05:04:01	1	3181
2019-02-04 05:04:01	0	3182
2019-02-04 05:04:01	0	3194
2019-02-04 05:04:01	0	3203
2019-02-04 05:04:01	0	3206
2019-02-04 05:04:01	0	3207
2019-02-04 05:04:01	0	3208
2019-02-04 05:04:01	0	3209
2019-02-04 05:04:01	0	3212
2019-02-04 05:04:01	0	3213
2019-02-04 05:04:01	1	3215
2019-02-04 05:04:01	0	3216
2019-02-04 05:04:01	0	3217
2019-02-04 05:04:01	0	3218
2019-02-04 05:04:01	0	3220
2019-02-04 05:04:01	0	3223
2019-02-04 05:04:01	1	3226
2019-02-04 05:04:01	0	3227
2019-02-04 05:04:01	0	3228
2019-02-04 05:04:01	0	3229
2019-02-04 05:04:01	0	3230
2019-02-04 05:04:01	0	3231
2019-02-04 05:04:01	0	3251
2019-02-04 05:04:01	0	3252
2019-02-04 05:04:01	0	3253
2019-02-04 05:04:01	0	3254
2019-02-04 05:04:01	0	3255
2019-02-04 05:04:01	0	3256
2019-02-04 05:04:01	0	3257
2019-02-04 05:04:01	0	3259
2019-02-04 05:04:01	0	3261
2019-02-04 05:04:01	0	3263
2019-02-04 05:04:01	0	3264
2019-02-04 05:04:01	0	3265
2019-02-04 05:04:01	0	3267
2019-02-04 05:04:01	0	3268
2019-02-04 05:04:01	0	3269
2019-02-04 05:04:01	0	3271
2019-02-04 05:04:01	0	3273
2019-02-04 05:04:01	0	3274
2019-02-04 05:04:01	0	3275
2019-02-04 05:04:01	0	3276
2019-02-04 05:04:01	0	3277
2019-02-04 05:04:01	0	3278
2019-02-04 05:04:01	0	3279
2019-02-04 05:04:01	0	3281
2019-02-04 05:04:01	0	3282
2019-02-04 05:04:01	0	3283
2019-02-04 05:04:01	0	3284
2019-02-04 05:04:01	0	3285
2019-02-04 05:04:01	0	3304
2019-02-04 05:04:01	0	3306
2019-02-04 05:04:01	0	3308
2019-02-04 05:04:01	0	3310
2019-02-04 05:04:01	0	3312
2019-02-04 05:04:01	0	3314
2019-02-04 05:04:01	1	3318
2019-02-04 05:04:01	1	3320
2019-02-04 05:04:01	1	3328
2019-02-04 05:04:01	1	3330
2019-02-04 05:04:01	0	3334
2019-02-04 05:04:01	0	3338
2019-02-04 05:04:01	0	3340
2019-02-04 05:04:01	1	3343
2019-02-04 05:04:01	0	3344
2019-02-04 05:04:01	1	3345
2019-02-04 05:04:01	0	3346
2019-02-04 05:04:01	0	3347
2019-02-04 05:04:01	1	3348
2019-02-04 05:04:01	1	3349
2019-02-04 05:04:01	1	3350
2019-02-04 05:04:01	1	3351
2019-02-04 05:04:01	0	3352
2019-02-04 05:04:01	1	3353
2019-02-04 05:04:01	0	3354
2019-02-04 05:04:01	1	3355
2019-02-04 05:04:01	0	3356
2019-02-04 05:04:01	1	3360
2019-02-04 05:04:01	0	3364
2019-02-04 05:04:01	0	3366
2019-02-04 05:04:01	1	3368
2019-02-04 05:04:01	0	3371
2019-02-04 05:04:01	0	3374
2019-02-04 05:04:01	0	3375
2019-02-04 05:04:01	0	3376
2019-02-04 05:04:01	0	3377
2019-02-04 05:04:01	0	3380
2019-02-04 05:04:01	0	3381
2019-02-04 05:04:01	0	3382
2019-02-04 05:04:01	0	3383
2019-02-04 05:04:01	0	3384
2019-02-04 05:04:01	0	3385
2019-02-04 05:04:01	0	3386
2019-02-04 05:04:01	0	3387
2019-02-04 05:04:01	0	3388
2019-02-04 05:04:01	0	3389
2019-02-04 05:04:01	0	3391
2019-02-04 05:04:01	0	3393
2019-02-04 05:04:01	1	3394
2019-02-04 05:04:01	1	3395
2019-02-04 05:04:01	0	3397
2019-02-04 05:04:01	1	3398
2019-02-04 05:04:01	0	3400
2019-02-04 05:04:01	0	3401
2019-02-04 05:04:01	0	3403
2019-02-04 05:04:01	0	3404
2019-02-04 05:04:01	0	3405
2019-02-04 05:04:01	0	3408
2019-02-04 05:04:01	1	3410
2019-02-04 05:04:01	0	3414
2019-02-04 05:04:01	0	3416
2019-02-04 05:04:01	1	3418
2019-02-04 05:04:01	0	3471
2019-02-04 05:04:01	0	3473
2019-02-04 05:04:01	0	3476
2019-02-04 05:04:01	0	3477
2019-02-04 05:04:01	0	3490
2019-02-04 05:04:01	0	3491
2019-02-04 05:04:01	0	3493
2019-02-04 05:04:01	0	3494
2019-02-04 05:04:01	1	3495
2019-02-04 05:04:01	0	3496
2019-02-04 05:04:01	0	3500
2019-02-04 05:04:01	0	3506
2019-02-04 05:04:01	0	3508
2019-02-04 05:04:01	0	3509
2019-02-04 05:04:01	0	3510
2019-02-04 05:04:01	0	3511
2019-02-04 05:04:01	0	3512
2019-02-04 05:04:01	0	3513
2019-02-04 05:04:01	0	3514
2019-02-04 05:04:01	0	3515
2019-02-04 05:04:01	0	3516
2019-02-04 05:04:01	1	3526
2019-02-04 05:04:01	0	3527
2019-02-04 05:04:01	1	3528
2019-02-04 05:04:01	0	3529
2019-02-04 05:04:01	0	3530
2019-02-04 05:04:01	0	3531
2019-02-04 05:04:01	0	3532
2019-02-04 05:04:01	0	3533
2019-02-04 05:04:01	0	3534
2019-02-04 05:04:01	0	3535
2019-02-04 05:04:01	0	3537
2019-02-04 05:04:01	1	3538
2019-02-04 05:04:01	0	3539
2019-02-04 05:04:01	0	3541
2019-02-04 05:04:01	0	3542
2019-02-04 05:04:01	0	3543
2019-02-04 05:04:01	0	3544
2019-02-04 05:04:01	0	3545
2019-02-04 05:04:01	0	3546
2019-02-04 05:04:01	0	3547
2019-02-04 05:04:01	0	3548
2019-02-04 05:04:01	0	3549
2019-02-04 05:04:01	0	3550
2019-02-04 05:04:01	0	3551
2019-02-04 05:04:01	0	3552
2019-02-04 05:04:01	0	3553
2019-02-04 05:04:01	0	3554
2019-02-04 05:04:01	0	3555
2019-02-04 05:04:01	0	3556
2019-02-04 05:04:01	0	3557
2019-02-04 05:04:01	0	3558
2019-02-04 05:04:01	0	3560
2019-02-04 05:04:01	0	3562
2019-02-04 05:04:01	0	3563
2019-02-04 05:04:01	1	3564
2019-02-04 05:04:01	0	3565
2019-02-04 05:04:01	0	3566
2019-02-04 05:04:01	0	3567
2019-02-04 05:04:01	0	3568
2019-02-04 05:04:01	0	3570
2019-02-04 05:04:01	1	3571
2019-02-04 05:04:01	0	3572
2019-02-04 05:04:01	0	3573
2019-02-04 05:04:01	0	3574
2019-02-04 05:04:01	1	3575
2019-02-04 05:04:01	0	3580
2019-02-04 05:04:01	0	3583
2019-02-04 05:04:01	0	3585
2019-02-04 05:04:01	0	3586
2019-02-04 05:04:01	0	3588
2019-02-04 05:04:01	1	3591
2019-02-04 05:04:01	0	3592
2019-02-04 05:04:01	0	3593
2019-02-04 05:04:01	1	3594
2019-02-04 05:04:01	0	3596
2019-02-04 05:04:01	0	3598
2019-02-04 05:04:01	0	3599
2019-02-04 05:04:01	0	3600
2019-02-04 05:04:01	0	3601
2019-02-04 05:04:01	0	3602
2019-02-04 05:04:01	1	3604
2019-02-04 05:04:01	0	3606
2019-02-04 05:04:01	0	3615
2019-02-04 05:04:01	1	3617
2019-02-04 05:04:01	0	3619
2019-02-04 05:04:01	0	3620
2019-02-04 05:04:01	0	3622
2019-02-04 05:04:01	0	3623
2019-02-04 05:04:01	0	3624
2019-02-04 05:04:01	0	3625
2019-02-04 05:04:01	0	3626
2019-02-04 05:04:01	0	3628
2019-02-04 05:04:01	0	3629
2019-02-04 05:04:01	0	3630
2019-02-04 05:04:01	0	3631
2019-02-04 05:04:01	0	3632
2019-02-04 05:04:01	0	3633
2019-02-04 05:04:01	0	3634
2019-02-04 05:04:01	0	3635
2019-02-04 05:04:01	0	3636
2019-02-04 05:04:01	0	3637
2019-02-04 05:04:01	0	3638
2019-02-04 05:04:01	0	3640
2019-02-04 05:04:01	0	3642
2019-02-04 05:04:01	1	3663
2019-02-04 05:04:01	0	3665
2019-02-04 05:04:01	0	3669
2019-02-04 05:04:01	0	3671
2019-02-04 05:04:01	0	3673
2019-02-04 05:04:01	0	3675
2019-02-04 05:04:01	0	3676
2019-02-04 05:04:01	0	3678
2019-02-04 05:04:01	0	3682
2019-02-04 05:04:01	0	3684
2019-02-04 05:04:01	1	3690
2019-02-04 05:04:01	1	3694
2019-02-04 05:04:01	1	3696
2019-02-04 05:04:01	0	3699
2019-02-04 05:04:01	1	3700
2019-02-04 05:04:01	0	3701
2019-02-04 05:04:01	0	3702
2019-02-04 05:04:01	0	3703
2019-02-04 05:04:01	0	3704
2019-02-04 05:04:01	0	3705
2019-02-04 05:04:01	0	3706
2019-02-04 05:04:01	0	3707
2019-02-04 05:04:01	0	3708
2019-02-04 05:04:01	0	3709
2019-02-04 05:04:01	0	3710
2019-02-04 05:04:01	1	3711
2019-02-04 05:04:01	0	3713
2019-02-04 05:04:01	0	3717
2019-02-04 05:04:01	0	3719
2019-02-04 05:04:01	1	3720
2019-02-04 05:04:01	0	3721
2019-02-04 05:04:01	0	3722
2019-02-04 05:04:01	0	3723
2019-02-04 05:04:01	0	3724
2019-02-04 05:04:01	0	3725
2019-02-04 05:04:01	0	3727
2019-02-04 05:04:01	0	3730
2019-02-04 05:04:01	0	3758
2019-02-04 05:04:01	0	3759
2019-02-04 05:04:01	1	3760
2019-02-04 05:04:01	0	3764
2019-02-04 05:04:01	0	3765
2019-02-04 05:04:01	0	3766
2019-02-04 05:04:01	0	3768
2019-02-04 05:04:01	0	3769
2019-02-04 05:04:01	0	3770
2019-02-04 05:04:01	1	3771
2019-02-04 05:04:01	0	3772
2019-02-04 05:04:01	0	3857
2019-02-04 05:04:01	0	3858
2019-02-04 05:04:01	0	3859
2019-02-04 05:04:01	0	3860
2019-02-04 05:04:01	0	3861
2019-02-04 05:04:01	0	3862
2019-02-04 05:04:01	0	3863
2019-02-04 05:04:01	0	3864
2019-02-04 05:04:01	0	3866
2019-02-04 05:04:01	0	3867
2019-02-04 05:04:01	0	3868
2019-02-04 05:04:01	0	3869
2019-02-04 05:04:01	1	3870
2019-02-04 05:04:01	0	3871
2019-02-04 05:04:01	0	3872
2019-02-04 05:04:01	0	3873
2019-02-04 05:04:01	0	3874
2019-02-04 05:04:01	0	3875
2019-02-04 05:04:01	0	3876
2019-02-04 05:04:01	0	3877
2019-02-04 05:04:01	0	3878
2019-02-04 05:04:01	0	3879
2019-02-04 05:04:01	0	3880
2019-02-04 05:04:01	0	3882
2019-02-04 05:04:01	0	3883
2019-02-04 05:04:01	0	3884
2019-02-04 05:04:01	0	3885
2019-02-04 05:04:01	0	3886
2019-02-04 05:04:01	0	3887
2019-02-04 05:04:01	0	3888
2019-02-04 05:04:01	0	3889
2019-02-04 05:04:01	0	3890
2019-02-04 05:04:01	0	3891
2019-02-04 05:04:01	0	3892
2019-02-04 05:04:01	0	3893
2019-02-04 05:04:01	0	3894
2019-02-04 05:04:01	0	3895
2019-02-04 05:04:01	0	3896
2019-02-04 05:04:01	0	3897
2019-02-04 05:04:01	0	3898
2019-02-04 05:04:01	1	3899
2019-02-04 05:04:01	1	3900
2019-02-04 05:04:01	0	3905
2019-02-04 05:04:01	0	3906
2019-02-04 05:04:01	0	3907
2019-02-04 05:04:01	0	3908
2019-02-04 05:04:01	0	3909
2019-02-04 05:04:01	1	3910
2019-02-04 05:04:01	0	3911
2019-02-04 05:04:01	0	3912
2019-02-04 05:04:01	0	3914
2019-02-04 05:04:01	0	3915
2019-02-04 05:04:01	0	3917
2019-02-04 05:04:01	0	3918
2019-02-04 05:04:01	0	3919
2019-02-04 05:04:01	0	3920
2019-02-04 05:04:01	0	3921
2019-02-04 05:04:01	0	3922
2019-02-04 05:04:01	0	3923
2019-02-04 05:04:01	0	3924
2019-02-04 05:04:01	0	3925
2019-02-04 05:04:01	0	3926
2019-02-04 05:04:01	0	3927
2019-02-04 05:04:01	0	3928
2019-02-04 05:04:01	0	3929
2019-02-04 05:04:01	0	3930
2019-02-04 05:04:01	0	3931
2019-02-04 05:04:01	0	3932
2019-02-04 05:04:01	0	3933
2019-02-04 05:04:01	0	3934
2019-02-04 05:04:01	0	3935
2019-02-04 05:04:01	0	3936
2019-02-04 05:04:01	0	3937
2019-02-04 05:04:01	1	3938
2019-02-04 05:04:01	1	3939
2019-02-04 05:04:01	0	3940
2019-02-04 05:04:01	0	3941
2019-02-04 05:04:01	0	3942
2019-02-04 05:04:01	0	3943
2019-02-04 05:04:01	0	3944
2019-02-04 05:04:01	0	3945
2019-02-04 05:04:01	0	3947
2019-02-04 05:04:01	0	3948
2019-02-04 05:04:01	0	3950
2019-02-04 05:04:01	0	3951
2019-02-04 05:04:01	0	3952
2019-02-04 05:04:01	0	3954
2019-02-04 05:04:01	0	3956
2019-02-04 05:04:01	0	3959
2019-02-04 05:04:01	0	3960
2019-02-04 05:04:01	1	3961
2019-02-04 05:04:01	0	3966
2019-02-04 05:04:01	0	3968
2019-02-04 05:04:01	1	3969
2019-02-04 05:04:01	0	3970
2019-02-04 05:04:01	1	3974
2019-02-04 05:04:01	0	3975
2019-02-04 05:04:01	1	3976
2019-02-04 05:04:01	0	3977
2019-02-04 05:04:01	0	3978
2019-02-04 05:04:01	0	3979
2019-02-04 05:04:01	0	3981
2019-02-04 05:04:01	0	3982
2019-02-04 05:04:01	0	3983
2019-02-04 05:04:01	0	3984
2019-02-04 05:04:01	0	3986
2019-02-04 05:04:01	0	3987
2019-02-04 05:04:01	0	3988
2019-02-04 05:04:01	0	3989
2019-02-04 05:04:01	0	3991
2019-02-04 05:04:01	1	3992
2019-02-04 05:04:01	0	3993
2019-02-04 05:04:01	1	3994
2019-02-04 05:04:01	1	3995
2019-02-04 05:04:01	1	3996
2019-02-04 05:04:01	0	3997
2019-02-04 05:04:01	0	3998
2019-02-04 05:04:01	1	3999
2019-02-04 05:04:01	0	4000
2019-02-04 05:04:01	1	4001
2019-02-04 05:04:01	0	4002
2019-02-04 05:04:01	1	4003
2019-02-04 05:04:01	0	4005
2019-02-04 05:04:01	0	4006
2019-02-04 05:04:01	0	4007
2019-02-04 05:04:01	1	4008
2019-02-04 05:04:01	0	4009
2019-02-04 05:04:01	0	4010
2019-02-04 05:04:01	0	4011
2019-02-04 05:04:01	0	4012
2019-02-04 05:04:01	1	4013
2019-02-04 05:04:01	0	4014
2019-02-04 05:04:01	0	4015
2019-02-04 05:04:01	0	4016
2019-02-04 05:04:01	0	4017
2019-02-04 05:04:01	1	4018
2019-02-04 05:04:01	0	4019
2019-02-04 05:04:01	1	4020
2019-02-04 05:04:01	1	4021
2019-02-04 05:04:01	1	4023
2019-02-04 05:04:01	0	4024
2019-02-04 05:04:01	0	4025
2019-02-04 05:04:01	1	4027
2019-02-04 05:04:01	0	4029
2019-02-04 05:04:01	0	4030
2019-02-04 05:04:01	1	4031
2019-02-04 05:04:01	1	4032
2019-02-04 05:04:01	0	4033
2019-02-04 05:04:01	0	4035
2019-02-04 05:04:01	0	4036
2019-02-04 05:04:01	0	4037
2019-02-04 05:04:01	0	4038
2019-02-04 05:04:01	0	4039
2019-02-04 05:04:01	0	4040
2019-02-04 05:04:01	0	4041
2019-02-04 05:04:01	0	4042
2019-02-04 05:04:01	0	4043
2019-02-04 05:04:01	0	4044
2019-02-04 05:04:01	0	4046
2019-02-04 05:04:01	1	4047
2019-02-04 05:04:01	0	4048
2019-02-04 05:04:01	0	4049
2019-02-04 05:04:01	0	4050
2019-02-04 05:04:01	0	4051
2019-02-04 05:04:01	0	4052
2019-02-04 05:04:01	0	4053
2019-02-04 05:04:01	0	4054
2019-02-04 05:04:01	0	4055
2019-02-04 05:04:01	0	4057
2019-02-04 05:04:01	0	4058
2019-02-04 05:04:01	0	4059
2019-02-04 05:04:01	0	4060
2019-02-04 05:04:01	0	4061
2019-02-04 05:04:01	0	4062
2019-02-04 05:04:01	0	4063
2019-02-04 05:04:01	0	4064
2019-02-04 05:04:01	0	4066
2019-02-04 05:04:01	0	4067
2019-02-04 05:04:01	0	4068
2019-02-04 05:04:01	0	4069
2019-02-04 05:04:01	0	4070
2019-02-04 05:04:01	0	4071
2019-02-04 05:04:01	0	4083
2019-02-04 05:04:01	0	4084
2019-02-04 05:04:01	1	4085
2019-02-04 05:04:01	0	4086
2019-02-04 05:04:01	0	4087
2019-02-04 05:04:01	0	4088
2019-02-04 05:04:01	0	4090
2019-02-04 05:04:01	1	4091
2019-02-04 05:04:01	0	4101
2019-02-04 05:04:01	1	4102
2019-02-04 05:04:01	0	4104
2019-02-04 05:04:01	0	4105
2019-02-04 05:04:01	0	4106
2019-02-04 05:04:01	0	4109
2019-02-04 05:04:01	0	4111
2019-02-04 05:04:01	0	4112
2019-02-04 05:04:01	0	4114
2019-02-04 05:04:01	0	4116
2019-02-04 05:04:01	0	4117
2019-02-04 05:04:01	0	4118
2019-02-04 05:04:01	0	4119
2019-02-04 05:04:01	0	4120
2019-02-04 05:04:01	0	4121
2019-02-04 05:04:01	0	4122
2019-02-04 05:04:01	0	4123
2019-02-04 05:04:01	0	4126
2019-02-04 05:04:01	0	4128
2019-02-04 05:04:01	0	4129
2019-02-04 05:04:01	0	4130
2019-02-04 05:04:01	0	4131
2019-02-04 05:04:01	1	4171
2019-02-04 05:04:01	1	4172
2019-02-04 05:04:01	1	4173
2019-02-04 05:04:01	0	4174
2019-02-04 05:04:01	0	4176
2019-02-04 05:04:01	0	4177
2019-02-04 05:04:01	0	4178
2019-02-04 05:04:01	1	4179
2019-02-04 05:04:01	1	4180
2019-02-04 05:04:01	0	4181
2019-02-04 05:04:01	0	4182
2019-02-04 05:04:01	0	4183
2019-02-04 05:04:01	1	4184
2019-02-04 05:04:01	1	4185
2019-02-04 05:04:01	1	4188
2019-02-04 05:04:01	0	4189
2019-02-04 05:04:01	0	4190
2019-02-04 05:04:01	0	4192
2019-02-04 05:04:01	0	4193
2019-02-04 05:04:01	0	4195
2019-02-04 05:04:01	0	4197
2019-02-04 05:04:01	0	4198
2019-02-04 05:04:01	0	4200
2019-02-04 05:04:01	0	4201
2019-02-04 05:04:01	0	4202
2019-02-04 05:04:01	1	4204
2019-02-04 05:04:01	0	4205
2019-02-04 05:04:01	0	4206
2019-02-04 05:04:01	0	4207
2019-02-04 05:04:01	0	4208
2019-02-04 05:04:01	0	4209
2019-02-04 05:04:01	0	4212
2019-02-04 05:04:01	0	4214
2019-02-04 05:04:01	0	4216
2019-02-04 05:04:01	0	4220
2019-02-04 05:04:01	0	4222
2019-02-04 05:04:01	1	4224
2019-02-04 05:04:01	0	4226
2019-02-04 05:04:01	0	4228
2019-02-04 05:04:01	1	4233
2019-02-04 05:04:01	0	4234
2019-02-04 05:04:01	0	4235
2019-02-04 05:04:01	1	4236
2019-02-04 05:04:01	1	4237
2019-02-04 05:04:01	0	4238
2019-02-04 05:04:01	0	4239
2019-02-04 05:04:01	0	4240
2019-02-04 05:04:01	0	4241
2019-02-04 05:04:01	0	4242
2019-02-04 05:04:01	0	4244
2019-02-04 05:04:01	0	4245
2019-02-04 05:04:01	0	4246
2019-02-04 05:04:01	0	4247
2019-02-04 05:04:01	0	4248
2019-02-04 05:04:01	0	4249
2019-02-04 05:04:01	0	4251
2019-02-04 05:04:01	0	4252
2019-02-04 05:04:01	0	4253
2019-02-04 05:04:01	0	4254
2019-02-04 05:04:01	1	4256
2019-02-04 05:04:01	0	4257
2019-02-04 05:04:01	0	4258
2019-02-04 05:04:01	0	4259
2019-02-04 05:04:01	0	4260
2019-02-04 05:04:01	0	4261
2019-02-04 05:04:01	0	4262
2019-02-04 05:04:01	0	4263
2019-02-04 05:04:01	0	4264
2019-02-04 05:04:01	0	4265
2019-02-04 05:04:01	0	4266
2019-02-04 05:04:01	0	4267
2019-02-04 05:04:01	0	4268
2019-02-04 05:04:01	0	4269
2019-02-04 05:04:01	1	4270
2019-02-04 05:04:01	0	4271
2019-02-04 05:04:01	0	4272
2019-02-04 05:04:01	0	4273
2019-02-04 05:04:01	0	4274
2019-02-04 05:04:01	0	4275
2019-02-04 05:04:01	0	4276
2019-02-04 05:04:01	1	4277
2019-02-04 05:04:01	0	4278
2019-02-04 05:04:01	0	4279
2019-02-04 05:04:01	0	4281
2019-02-04 05:04:01	0	4282
2019-02-04 05:04:01	0	4283
2019-02-04 05:04:01	0	4284
2019-02-04 05:04:01	0	4285
2019-02-04 05:04:01	0	4286
2019-02-04 05:04:01	0	4287
2019-02-04 05:04:01	0	4288
2019-02-04 05:04:01	0	4289
2019-02-04 05:04:01	0	4290
2019-02-04 05:04:01	0	4291
2019-02-04 05:04:01	0	4292
2019-02-04 05:04:01	0	4293
2019-02-04 05:04:01	0	4294
2019-02-04 05:04:01	0	4295
2019-02-04 05:04:01	0	4296
2019-02-04 05:04:01	0	4297
2019-02-04 05:04:01	0	4298
2019-02-04 05:04:01	0	4299
2019-02-04 05:04:01	0	4300
2019-02-04 05:04:01	0	4301
2019-02-04 05:04:01	0	4302
2019-02-04 05:04:01	0	4303
2019-02-04 05:04:01	0	4304
2019-02-04 05:04:01	0	4307
2019-02-04 05:04:01	0	4308
2019-02-04 05:04:01	0	4309
2019-02-04 05:04:01	0	4310
2019-02-04 05:04:01	1	4311
2019-02-04 05:04:01	1	4312
2019-02-04 05:04:01	0	4313
2019-02-04 05:04:01	0	4314
2019-02-04 05:04:01	0	4315
2019-02-04 05:04:01	0	4317
2019-02-04 05:04:01	0	4318
2019-02-04 05:04:01	0	4319
2019-02-04 05:04:01	0	4320
2019-02-04 05:04:01	0	4323
2019-02-04 05:04:01	0	4324
2019-02-04 05:04:01	0	4325
2019-02-04 05:04:01	0	4326
2019-02-04 05:04:01	0	4327
2019-02-04 05:04:01	0	4328
2019-02-04 05:04:01	0	4329
2019-02-04 05:04:01	0	4330
2019-02-04 05:04:01	0	4334
2019-02-04 05:04:01	0	4335
2019-02-04 05:04:01	0	4336
2019-02-04 05:04:01	0	4337
2019-02-04 05:04:01	0	4338
2019-02-04 05:04:01	0	4339
2019-02-04 05:04:01	0	4340
2019-02-04 05:04:01	0	4341
2019-02-04 05:04:01	0	4342
2019-02-04 05:04:01	0	4344
2019-02-04 05:04:01	0	4345
2019-02-04 05:04:01	0	4346
2019-02-04 05:04:01	0	4347
2019-02-04 05:04:01	0	4349
2019-02-04 05:04:01	0	4350
2019-02-04 05:04:01	0	4354
2019-02-04 05:04:01	1	4355
2019-02-04 05:04:01	0	4356
2019-02-04 05:04:01	0	4357
2019-02-04 05:04:01	0	4358
2019-02-04 05:04:01	0	4359
2019-02-04 05:04:01	0	4360
2019-02-04 05:04:01	0	4361
2019-02-04 05:04:01	0	4362
2019-02-04 05:04:01	0	4363
2019-02-04 05:04:01	0	4364
2019-02-04 05:04:01	0	4365
2019-02-04 05:04:01	0	4366
2019-02-04 05:04:01	0	4367
2019-02-04 05:04:01	0	4368
2019-02-04 05:04:01	0	4370
2019-02-04 05:04:01	0	4371
2019-02-04 05:04:01	0	4372
2019-02-04 05:04:01	0	4373
2019-02-04 05:04:01	0	4374
2019-02-04 05:04:01	0	4376
2019-02-04 05:04:01	0	4377
2019-02-04 05:04:01	0	4378
2019-02-04 05:04:01	0	4379
2019-02-04 05:04:01	0	4380
2019-02-04 05:04:01	0	4381
2019-02-04 05:04:01	0	4382
2019-02-04 05:04:01	0	4383
2019-02-04 05:04:01	0	4384
2019-02-04 05:04:01	0	4385
2019-02-04 05:04:01	0	4386
2019-02-04 05:04:01	0	4387
2019-02-04 05:04:01	0	4388
2019-02-04 05:04:01	1	4389
2019-02-04 05:04:01	0	4390
2019-02-04 05:04:01	0	4392
2019-02-04 05:04:01	0	4394
2019-02-04 05:04:01	0	4395
2019-02-04 05:04:01	0	4396
2019-02-04 05:04:01	0	4397
2019-02-04 05:04:01	0	4398
2019-02-04 05:04:01	0	4399
2019-02-04 05:04:01	0	4400
2019-02-04 05:04:01	0	4401
2019-02-04 05:04:01	0	4402
2019-02-04 05:04:01	0	4403
2019-02-04 05:04:01	0	4404
2019-02-04 05:04:01	0	4405
2019-02-04 05:04:01	0	4406
2019-02-04 05:04:01	0	4421
2019-02-04 05:04:01	0	4423
2019-02-04 05:04:01	0	4424
2019-02-04 05:04:01	0	4426
2019-02-04 05:04:01	0	4427
2019-02-04 05:04:01	0	4428
2019-02-04 05:04:01	1	4429
2019-02-04 05:04:01	0	4430
2019-02-04 05:04:01	0	4431
2019-02-04 05:04:01	0	4432
2019-02-04 05:04:01	0	4433
2019-02-04 05:04:01	0	4434
2019-02-04 05:04:01	0	4435
2019-02-04 05:04:01	0	4436
2019-02-04 05:04:01	0	4437
2019-02-04 05:04:01	0	4438
2019-02-04 05:04:01	0	4439
2019-02-04 05:04:01	0	4440
2019-02-04 05:04:01	0	4441
2019-02-04 05:04:01	0	4443
2019-02-04 05:04:01	0	4444
2019-02-04 05:04:01	0	4446
2019-02-04 05:04:01	0	4453
2019-02-04 05:04:01	0	4454
2019-02-04 05:04:01	1	4520
2019-02-04 05:04:01	0	4549
2019-02-04 05:04:01	1	4553
2019-02-04 05:04:01	0	4690
2019-02-04 05:04:01	1	4692
2019-02-04 05:04:01	0	4694
2019-02-04 05:04:01	0	4696
2019-02-04 05:04:01	0	4697
2019-02-04 05:04:01	0	4698
2019-02-04 05:04:01	1	4699
2019-02-04 05:04:01	1	4701
2019-02-04 05:04:01	1	4703
2019-02-04 05:04:01	0	4705
2019-02-04 05:04:01	1	4710
2019-02-04 05:04:01	0	4712
2019-02-04 05:04:01	1	4714
2019-02-04 05:04:01	1	4715
2019-02-04 05:04:01	1	4716
2019-02-04 05:04:01	0	4717
2019-02-04 05:04:01	1	4719
2019-02-04 05:04:01	1	4721
2019-02-04 05:04:01	1	4723
2019-02-04 05:04:01	1	4725
2019-02-04 05:04:01	1	4727
2019-02-04 05:04:01	1	4729
2019-02-04 05:04:01	1	4731
2019-02-04 05:04:01	1	4735
2019-02-04 05:04:01	0	4739
2019-02-04 05:04:01	1	4745
2019-02-04 05:04:01	0	4746
2019-02-04 05:04:01	0	4748
2019-02-04 05:04:01	0	4750
2019-02-04 05:04:01	0	4751
2019-02-04 05:04:01	1	4752
2019-02-04 05:04:01	0	4753
2019-02-04 05:04:01	1	4757
2019-02-04 05:04:01	1	4758
2019-02-04 05:04:01	1	4759
2019-02-04 05:04:01	0	5157
2019-02-04 05:04:01	0	5158
2019-02-04 05:04:01	0	5160
2019-02-04 05:04:01	0	5161
2019-02-04 05:04:01	0	5162
2019-02-04 05:04:01	0	5163
2019-02-04 05:04:01	1	5165
2019-02-04 05:04:01	1	5166
2019-02-04 05:04:01	0	5167
2019-02-04 05:04:01	0	5170
2019-02-04 05:04:01	0	5171
2019-02-04 05:04:01	0	5172
2019-02-04 05:04:01	0	5173
2019-02-04 05:04:01	0	5176
2019-02-04 05:04:01	0	5177
2019-02-04 05:04:01	0	5178
2019-02-04 05:04:01	0	5180
2019-02-04 05:04:01	0	5181
2019-02-04 05:04:01	0	5183
2019-02-04 05:04:01	0	5184
2019-02-04 05:04:01	0	5185
2019-02-04 05:04:01	0	5201
2019-02-04 05:04:01	1	5202
2019-02-04 05:04:01	1	5203
2019-02-04 05:04:01	0	5204
2019-02-04 05:04:01	0	5205
2019-02-04 05:04:01	1	5207
2019-02-04 05:04:01	0	5211
2019-02-04 05:04:01	0	5224
2019-02-04 05:04:01	0	5225
2019-02-04 05:04:01	1	5226
2019-02-04 05:04:01	1	5227
2019-02-04 05:04:01	1	5228
2019-02-04 05:04:01	1	5229
2019-02-04 05:04:01	1	5230
2019-02-04 05:04:01	1	5231
2019-02-04 05:04:01	0	5232
2019-02-04 05:04:01	1	5234
2019-02-04 05:04:01	1	5235
2019-02-04 05:04:01	1	5236
2019-02-04 05:04:01	1	5237
2019-02-04 05:04:01	1	5238
2019-02-04 05:04:01	0	5239
2019-02-04 05:04:01	1	5240
2019-02-04 05:04:01	0	5245
2019-02-04 05:04:01	0	5246
2019-02-04 05:04:01	0	5247
2019-02-04 05:04:01	0	5248
2019-02-04 05:04:01	1	5249
2019-02-04 05:04:01	0	5250
2019-02-04 05:04:01	0	5251
2019-02-04 05:04:01	0	5252
2019-02-04 05:04:01	0	5253
2019-02-04 05:04:01	1	5254
2019-02-04 05:04:01	0	5255
2019-02-04 05:04:01	1	5256
2019-02-04 05:04:01	0	5257
2019-02-04 05:04:01	0	5258
2019-02-04 05:04:01	0	5259
2019-02-04 05:04:01	0	5260
2019-02-04 05:04:01	0	5261
2019-02-04 05:04:01	0	5262
2019-02-04 05:04:01	0	5263
2019-02-04 05:04:01	0	5264
2019-02-04 05:04:01	0	5265
2019-02-04 05:04:01	0	5266
2019-02-04 05:04:01	0	5267
2019-02-04 05:04:01	0	5268
2019-02-04 05:04:01	0	5269
2019-02-04 05:04:01	0	5270
2019-02-04 05:04:01	0	5271
2019-02-04 05:04:01	0	5272
2019-02-04 05:04:01	0	5273
2019-02-04 05:04:01	0	5274
2019-02-04 05:04:01	0	5286
2019-02-04 05:04:01	0	5345
2019-02-04 05:04:01	1	5346
2019-02-04 05:04:01	0	5347
2019-02-04 05:04:01	1	5348
2019-02-04 05:04:01	1	5349
2019-02-04 05:04:01	1	5351
2019-02-04 05:04:01	0	5352
2019-02-04 05:04:01	0	5353
2019-02-04 05:04:01	0	5354
2019-02-04 05:04:01	1	5355
2019-02-04 05:04:01	0	5356
2019-02-04 05:04:01	0	5357
2019-02-04 05:04:01	0	5358
2019-02-04 05:04:01	0	5359
2019-02-04 05:04:01	0	5360
2019-02-04 05:04:01	0	5361
2019-02-04 05:04:01	1	5362
2019-02-04 05:04:01	0	5363
2019-02-04 05:04:01	0	5364
2019-02-04 05:04:01	1	5367
2019-02-04 05:04:01	0	5368
2019-02-04 05:04:01	0	5369
2019-02-04 05:04:01	0	5370
2019-02-04 05:04:01	0	5371
2019-02-04 05:04:01	0	5372
2019-02-04 05:04:01	0	5373
2019-02-04 05:04:01	0	5374
2019-02-04 05:04:01	0	5375
2019-02-04 05:04:01	0	5376
2019-02-04 05:04:01	0	5378
2019-02-04 05:04:01	0	5383
2019-02-04 05:04:01	0	5384
2019-02-04 05:04:01	0	5385
2019-02-04 05:04:01	0	5386
2019-02-04 05:04:01	0	5387
2019-02-04 05:04:01	0	5388
2019-02-04 05:04:01	0	5389
2019-02-04 05:04:01	0	5390
2019-02-04 05:04:01	0	5391
2019-02-04 05:04:01	0	5392
2019-02-04 05:04:01	0	5394
2019-02-04 05:04:01	0	5395
2019-02-04 05:04:01	0	5396
2019-02-04 05:04:01	0	5397
2019-02-04 05:04:01	0	5398
2019-02-04 05:04:01	0	5399
2019-02-04 05:04:01	0	5400
2019-02-04 05:04:01	0	5401
2019-02-04 05:04:01	0	5405
2019-02-04 05:04:01	0	5406
2019-02-04 05:04:01	1	5407
2019-02-04 05:04:01	0	5408
2019-02-04 05:04:01	0	5409
2019-02-04 05:04:01	0	5410
2019-02-04 05:04:01	0	5411
2019-02-04 05:04:01	0	5412
2019-02-04 05:04:01	0	5413
2019-02-04 05:04:01	0	5414
2019-02-04 05:04:01	1	5416
2019-02-04 05:04:01	0	5417
2019-02-04 05:04:01	0	5424
2019-02-04 05:04:01	0	5425
2019-02-04 05:04:01	0	5426
2019-02-04 05:04:01	0	5427
2019-02-04 05:04:01	0	5428
2019-02-04 05:04:01	0	5429
2019-02-04 05:04:01	0	5430
2019-02-04 05:04:01	0	5431
2019-02-04 05:04:01	0	5432
2019-02-04 05:04:01	0	5433
2019-02-04 05:04:01	0	5434
2019-02-04 05:04:01	0	5435
2019-02-04 05:04:01	0	5436
2019-02-04 05:04:01	0	5437
2019-02-04 05:04:01	0	5438
2019-02-04 05:04:01	0	5439
2019-02-04 05:04:01	0	5440
2019-02-04 05:04:01	0	5441
2019-02-04 05:04:01	0	5442
2019-02-04 05:04:01	0	5443
2019-02-04 05:04:01	0	5444
2019-02-04 05:04:01	0	5445
2019-02-04 05:04:01	0	5446
2019-02-04 05:04:01	0	5447
2019-02-04 05:04:01	0	5448
2019-02-04 05:04:01	0	5449
2019-02-04 05:04:01	0	5450
2019-02-04 05:04:01	0	5451
2019-02-04 05:04:01	1	5452
2019-02-04 05:04:01	0	5453
2019-02-04 05:04:01	0	5454
2019-02-04 05:04:01	0	5455
2019-02-04 05:04:01	0	5456
2019-02-04 05:04:01	0	5457
2019-02-04 05:04:01	0	5458
2019-02-04 05:04:01	1	5459
2019-02-04 05:04:01	0	5460
2019-02-04 05:04:01	0	5461
2019-02-04 05:04:01	0	5462
2019-02-04 05:04:01	0	5463
2019-02-04 05:04:01	0	5464
2019-02-04 05:04:01	0	5465
2019-02-04 05:04:01	0	5466
2019-02-04 05:04:01	0	5467
2019-02-04 05:04:01	1	5468
2019-02-04 05:04:01	0	5469
2019-02-04 05:04:01	0	5470
2019-02-04 05:04:01	0	5471
2019-02-04 05:04:01	0	5472
2019-02-04 05:04:01	0	5474
2019-02-04 05:04:01	0	5475
2019-02-04 05:04:01	0	5476
2019-02-04 05:04:01	0	5477
2019-02-04 05:04:01	0	5478
2019-02-04 05:04:01	0	5479
2019-02-04 05:04:01	0	5480
2019-02-04 05:04:01	0	5481
2019-02-04 05:04:01	0	5482
2019-02-04 05:04:01	0	5483
2019-02-04 05:04:01	0	5485
2019-02-04 05:04:01	0	5486
2019-02-04 05:04:01	0	5487
2019-02-04 05:04:01	0	5488
2019-02-04 05:04:01	0	5489
2019-02-04 05:04:01	0	5491
2019-02-04 05:04:01	0	5493
2019-02-04 05:04:01	0	5583
2019-02-04 05:04:01	0	5584
2019-02-04 05:04:01	0	5585
2019-02-04 05:04:01	0	5586
2019-02-04 05:04:01	0	5587
2019-02-04 05:04:01	0	5588
2019-02-04 05:04:01	0	5589
2019-02-04 05:04:01	0	5590
2019-02-04 05:04:01	0	5600
2019-02-04 05:04:01	0	5601
2019-02-04 05:04:01	0	5602
2019-02-04 05:04:01	0	5603
2019-02-04 05:04:01	0	5604
2019-02-04 05:04:01	0	5605
2019-02-04 05:04:01	0	5606
2019-02-04 05:04:01	0	5607
2019-02-04 05:04:01	0	5608
2019-02-04 05:04:01	0	5609
2019-02-04 05:04:01	0	5610
2019-02-04 05:04:01	0	5611
2019-02-04 05:04:01	0	5612
2019-02-04 05:04:01	0	5614
2019-02-04 05:04:01	0	5615
2019-02-04 05:04:01	0	5616
2019-02-04 05:04:01	0	5617
2019-02-04 05:04:01	0	5618
2019-02-04 05:04:01	0	5619
2019-02-04 05:04:01	0	5620
2019-02-04 05:04:01	1	5621
2019-02-04 05:04:01	0	5622
2019-02-04 05:04:01	0	5623
2019-02-04 05:04:01	0	5624
2019-02-04 05:04:01	0	5625
2019-02-04 05:04:01	0	5626
2019-02-04 05:04:01	0	5627
2019-02-04 05:04:01	0	5629
2019-02-04 05:04:01	0	5630
2019-02-04 05:04:01	0	5631
2019-02-04 05:04:01	0	5632
2019-02-04 05:04:01	0	5634
2019-02-04 05:04:01	0	5635
2019-02-04 05:04:01	0	5636
2019-02-04 05:04:01	0	5637
2019-02-04 05:04:01	0	5638
2019-02-04 05:04:01	0	5639
2019-02-04 05:04:01	0	5640
2019-02-04 05:04:01	0	5641
2019-02-04 05:04:01	1	5642
2019-02-04 05:04:01	0	5643
2019-02-04 05:04:01	0	5644
2019-02-04 05:04:01	0	5645
2019-02-04 05:04:01	0	5646
2019-02-04 05:04:01	0	5647
2019-02-04 05:04:01	0	5648
2019-02-04 05:04:01	0	5649
2019-02-04 05:04:01	0	5650
2019-02-04 05:04:01	0	5651
2019-02-04 05:04:01	0	5652
2019-02-04 05:04:01	0	5653
2019-02-04 05:04:01	0	5654
2019-02-04 05:04:01	0	5655
2019-02-04 05:04:01	0	5656
2019-02-04 05:04:01	0	5657
2019-02-04 05:04:01	0	5658
2019-02-04 05:04:01	0	5659
2019-02-04 05:04:01	0	5660
2019-02-04 05:04:01	0	5661
2019-02-04 05:04:01	0	5662
2019-02-04 05:04:01	0	5663
2019-02-04 05:04:01	0	5664
2019-02-04 05:04:01	0	5665
2019-02-04 05:04:01	0	5666
2019-02-04 05:04:01	0	5668
2019-02-04 05:04:01	0	5669
2019-02-04 05:04:01	0	5670
2019-02-04 05:04:01	0	5671
2019-02-04 05:04:01	0	5672
2019-02-04 05:04:01	0	5673
2019-02-04 05:04:01	0	5674
2019-02-04 05:04:01	0	5675
2019-02-04 05:04:01	0	5676
2019-02-04 05:04:01	0	5677
2019-02-04 05:04:01	0	5678
2019-02-04 05:04:01	0	5679
2019-02-04 05:04:01	0	5680
2019-02-04 05:04:01	0	5681
2019-02-04 05:04:01	0	5682
2019-02-04 05:04:01	0	5683
2019-02-04 05:04:01	0	5684
2019-02-04 05:04:01	0	5685
2019-02-04 05:04:01	0	5686
2019-02-04 05:04:01	0	5687
2019-02-04 05:04:01	0	5688
2019-02-04 05:04:01	0	5689
2019-02-04 05:04:01	0	5690
2019-02-04 05:04:01	0	5691
2019-02-04 05:04:01	0	5692
2019-02-04 05:04:01	0	5693
2019-02-04 05:04:01	0	5694
2019-02-04 05:04:01	0	5695
2019-02-04 05:04:01	0	5696
2019-02-04 05:04:01	0	5697
2019-02-04 05:04:01	0	5698
2019-02-04 05:04:01	0	5699
2019-02-04 05:04:01	0	5700
2019-02-04 05:04:01	1	5708
2019-02-04 05:04:01	0	5709
2019-02-04 05:04:01	0	5710
2019-02-04 05:04:01	0	5711
2019-02-04 05:04:01	0	5712
2019-02-04 05:04:01	0	5713
2019-02-04 05:04:01	0	5714
2019-02-04 05:04:01	0	5715
2019-02-04 05:04:01	0	5716
2019-02-04 05:04:01	0	5717
2019-02-04 05:04:01	0	5718
2019-02-04 05:04:01	0	5719
2019-02-04 05:04:01	0	5720
2019-02-04 05:04:01	0	5721
2019-02-04 05:04:01	0	5722
2019-02-04 05:04:01	0	5723
2019-02-04 05:04:01	0	5724
2019-02-04 05:04:01	0	5725
2019-02-04 05:04:01	0	5726
2019-02-04 05:04:01	0	5727
2019-02-04 05:04:01	0	5728
2019-02-04 05:04:01	0	5730
2019-02-04 05:04:01	0	5731
2019-02-04 05:04:01	0	5732
2019-02-04 05:04:01	0	5733
2019-02-04 05:04:01	0	5734
2019-02-04 05:04:01	0	5735
2019-02-04 05:04:01	0	5736
2019-02-04 05:04:01	0	5737
2019-02-04 05:04:01	0	5738
2019-02-04 05:04:01	0	5739
2019-02-04 05:04:01	0	5740
2019-02-04 05:04:01	0	5741
2019-02-04 05:04:01	0	5742
2019-02-04 05:04:01	1	5743
2019-02-04 05:04:01	0	5744
2019-02-04 05:04:01	0	5745
2019-02-04 05:04:01	0	5749
2019-02-04 05:04:01	0	5750
2019-02-04 05:04:01	0	5751
2019-02-04 05:04:01	0	5752
2019-02-04 05:04:01	1	5753
2019-02-04 05:04:01	0	5754
2019-02-04 05:04:01	0	5755
2019-02-04 05:04:01	0	5756
2019-02-04 05:04:01	0	5757
2019-02-04 05:04:01	0	5758
2019-02-04 05:04:01	0	5759
2019-02-04 05:04:01	0	5760
2019-02-04 05:04:01	0	5761
2019-02-04 05:04:01	0	5762
2019-02-04 05:04:01	0	5763
2019-02-04 05:04:01	0	5764
2019-02-04 05:04:01	0	5765
2019-02-04 05:04:01	0	5766
2019-02-04 05:04:01	0	5767
2019-02-04 05:04:01	0	5768
2019-02-04 05:04:01	0	5769
2019-02-04 05:04:01	0	5770
2019-02-04 05:04:01	0	5771
2019-02-04 05:04:01	0	5772
2019-02-04 05:04:01	0	5773
2019-02-04 05:04:01	0	5774
2019-02-04 05:04:01	0	5775
2019-02-04 05:04:01	0	5776
2019-02-04 05:04:01	0	5777
2019-02-04 05:04:01	0	5780
2019-02-04 05:04:01	0	5781
2019-02-04 05:04:01	0	5782
2019-02-04 05:04:01	0	5783
2019-02-04 05:04:01	0	5784
2019-02-04 05:04:01	0	5785
2019-02-04 05:04:01	0	5787
2019-02-04 05:04:01	0	5788
2019-02-04 05:04:01	0	5789
2019-02-04 05:04:01	0	5790
2019-02-04 05:04:01	0	5791
2019-02-04 05:04:01	1	5793
2019-02-04 05:04:01	0	5794
2019-02-04 05:04:01	0	5795
2019-02-04 05:04:01	0	5796
2019-02-04 05:04:01	0	5797
2019-02-04 05:04:01	0	5798
2019-02-04 05:04:01	0	5799
2019-02-04 05:04:01	0	5801
2019-02-04 05:04:01	0	5802
2019-02-04 05:04:01	0	5804
2019-02-04 05:04:01	0	5805
2019-02-04 05:04:01	0	5806
2019-02-04 05:04:01	0	5809
2019-02-04 05:04:01	1	5810
2019-02-04 05:04:01	0	5811
2019-02-04 05:04:01	0	5812
2019-02-04 05:04:01	0	5813
2019-02-04 05:04:01	0	5814
2019-02-04 05:04:01	0	5815
2019-02-04 05:04:01	0	5816
2019-02-04 05:04:01	0	5817
2019-02-04 05:04:01	0	5818
2019-02-04 05:04:01	0	5819
2019-02-04 05:04:01	0	5820
2019-02-04 05:04:01	0	5821
2019-02-04 05:04:01	1	5849
2019-02-04 05:04:01	0	5850
2019-02-04 05:04:01	0	5851
2019-02-04 05:04:01	0	5852
2019-02-04 05:04:01	0	5853
2019-02-04 05:04:01	1	5854
2019-02-04 05:04:01	0	5855
2019-02-04 05:04:01	0	5856
2019-02-04 05:04:01	0	5857
2019-02-04 05:04:01	0	5858
2019-02-04 05:04:01	1	5859
2019-02-04 05:04:01	0	5860
2019-02-04 05:04:01	0	5861
2019-02-04 05:04:01	1	5862
2019-02-04 05:04:01	1	5864
2019-02-04 05:04:01	0	5866
2019-02-04 05:04:01	0	5867
2019-02-04 05:04:01	0	5868
2019-02-04 05:04:01	0	5869
2019-02-04 05:04:01	0	5870
2019-02-04 05:04:01	0	5871
2019-02-04 05:04:01	0	5872
2019-02-04 05:04:01	0	5873
2019-02-04 05:04:01	0	5874
2019-02-04 05:04:01	0	5875
2019-02-04 05:04:01	0	5876
2019-02-04 05:04:01	1	5877
2019-02-04 05:04:01	0	5878
2019-02-04 05:04:01	0	5879
2019-02-04 05:04:01	0	5880
2019-02-04 05:04:01	0	5881
2019-02-04 05:04:01	1	5882
2019-02-04 05:04:01	0	5884
2019-02-04 05:04:01	0	5886
2019-02-04 05:04:01	0	5887
2019-02-04 05:04:01	0	5888
2019-02-04 05:04:01	0	5889
2019-02-04 05:04:01	0	5890
2019-02-04 05:04:01	0	5891
2019-02-04 05:04:01	0	5892
2019-02-04 05:04:01	0	5893
2019-02-04 05:04:01	0	5894
2019-02-04 05:04:01	0	5895
2019-02-04 05:04:01	0	5896
2019-02-04 05:04:01	0	5897
2019-02-04 05:04:01	0	5898
2019-02-04 05:04:01	0	5899
2019-02-04 05:04:01	0	5900
2019-02-04 05:04:01	0	5902
2019-02-04 05:04:01	0	5903
2019-02-04 05:04:01	0	5904
2019-02-04 05:04:01	0	5905
2019-02-04 05:04:01	1	5906
2019-02-04 05:04:01	0	5907
2019-02-04 05:04:01	0	5909
2019-02-04 05:04:01	0	5910
2019-02-04 05:04:01	0	5911
2019-02-04 05:04:01	0	5912
2019-02-04 05:04:01	0	5913
2019-02-04 05:04:01	0	5914
2019-02-04 05:04:01	0	5915
2019-02-04 05:04:01	0	5916
2019-02-04 05:04:01	1	5917
2019-02-04 05:04:01	0	5918
2019-02-04 05:04:01	0	5919
2019-02-04 05:04:01	0	5920
2019-02-04 05:04:01	0	5921
2019-02-04 05:04:01	0	5922
2019-02-04 05:04:01	0	5923
2019-02-04 05:04:01	0	5924
2019-02-04 05:04:01	0	5925
2019-02-04 05:04:01	0	5926
2019-02-04 05:04:01	0	5927
2019-02-04 05:04:01	0	5928
2019-02-04 05:04:01	0	5929
2019-02-04 05:04:01	0	5982
2019-02-04 05:04:01	0	5983
2019-02-04 05:04:01	1	6005
2019-02-04 05:04:01	1	6007
2019-02-04 05:04:01	1	6008
2019-02-04 05:04:01	0	6009
2019-02-04 05:04:01	0	6010
2019-02-04 05:04:01	0	6015
2019-02-04 05:04:01	0	6016
2019-02-04 05:04:01	0	6017
2019-02-04 05:04:01	0	6018
2019-02-04 05:04:01	0	6019
2019-02-04 05:04:01	0	6020
2019-02-04 05:04:01	0	6021
2019-02-04 05:04:01	0	6022
2019-02-04 05:04:01	1	6023
2019-02-04 05:04:01	0	6024
2019-02-04 05:04:01	0	6026
2019-02-04 05:04:01	0	6035
2019-02-04 05:04:01	0	6037
2019-02-04 05:04:01	1	6038
2019-02-04 05:04:01	1	6039
2019-02-04 05:04:01	0	6044
2019-02-04 05:04:01	0	6045
2019-02-04 05:04:01	0	6047
2019-02-04 05:04:01	0	6048
2019-02-04 05:04:01	0	6049
2019-02-04 05:04:01	0	6050
2019-02-04 05:04:01	0	6051
2019-02-04 05:04:01	0	6052
2019-02-04 05:04:01	0	6053
2019-02-04 05:04:01	0	6054
2019-02-04 05:04:01	0	6055
2019-02-04 05:04:01	0	6056
2019-02-04 05:04:01	0	6057
2019-02-04 05:04:01	0	6058
2019-02-04 05:04:01	0	6059
2019-02-04 05:04:01	1	6060
2019-02-04 05:04:01	1	6061
2019-02-04 05:04:01	0	6064
2019-02-04 05:04:01	0	6066
2019-02-04 05:04:01	0	6067
2019-02-04 05:04:01	0	6068
2019-02-04 05:04:01	0	6069
2019-02-04 05:04:01	0	6070
2019-02-04 05:04:01	0	6072
2019-02-04 05:04:01	0	6073
2019-02-04 05:04:01	1	6075
2019-02-04 05:04:01	0	6076
2019-02-04 05:04:01	0	6077
2019-02-04 05:04:01	0	6078
2019-02-04 05:04:01	0	6079
2019-02-04 05:04:01	0	6080
2019-02-04 05:04:01	0	6081
2019-02-04 05:04:01	0	6082
2019-02-04 05:04:01	0	6083
2019-02-04 05:04:01	0	6084
2019-02-04 05:04:01	0	6085
2019-02-04 05:04:01	0	6086
2019-02-04 05:04:01	0	6087
2019-02-04 05:04:01	1	6088
2019-02-04 05:04:01	0	6089
2019-02-04 05:04:01	0	6090
2019-02-04 05:04:01	0	6091
2019-02-04 05:04:01	1	6092
2019-02-04 05:04:01	0	6093
2019-02-04 05:04:01	0	6101
2019-02-04 05:04:01	0	6102
2019-02-04 05:04:01	0	6103
2019-02-04 05:04:01	0	6104
2019-02-04 05:04:01	0	6105
2019-02-04 05:04:01	0	6106
2019-02-04 05:04:01	0	6107
2019-02-04 05:04:01	0	6108
2019-02-04 05:04:01	0	6109
2019-02-04 05:04:01	0	6110
2019-02-04 05:04:01	1	6111
2019-02-04 05:04:01	0	6112
2019-02-04 05:04:01	0	6113
2019-02-04 05:04:01	0	6114
2019-02-04 05:04:01	0	6115
2019-02-04 05:04:01	0	6116
2019-02-04 05:04:01	0	6117
2019-02-04 05:04:01	0	6118
2019-02-04 05:04:01	0	6119
2019-02-04 05:04:01	1	6120
2019-02-04 05:04:01	0	6121
2019-02-04 05:04:01	0	6122
2019-02-04 05:04:01	0	6123
2019-02-04 05:04:01	0	6124
2019-02-04 05:04:01	0	6125
2019-02-04 05:04:01	0	6126
2019-02-04 05:04:01	0	6127
2019-02-04 05:04:01	0	6129
2019-02-04 05:04:01	0	6130
2019-02-04 05:04:01	0	6132
2019-02-04 05:04:01	0	6133
2019-02-04 05:04:01	0	6135
2019-02-04 05:04:01	0	6136
2019-02-04 05:04:01	0	6137
2019-02-04 05:04:01	0	6138
2019-02-04 05:04:01	0	6139
2019-02-04 05:04:01	0	6140
2019-02-04 05:04:01	0	6141
2019-02-04 05:04:01	1	6142
2019-02-04 05:04:01	0	6143
2019-02-04 05:04:01	0	6145
2019-02-04 05:04:01	0	6146
2019-02-04 05:04:01	0	6147
2019-02-04 05:04:01	0	6148
2019-02-04 05:04:01	0	6149
2019-02-04 05:04:01	1	6150
2019-02-04 05:04:01	1	6151
2019-02-04 05:04:01	0	6152
2019-02-04 05:04:01	0	6153
2019-02-04 05:04:01	0	6154
2019-02-04 05:04:01	1	6155
2019-02-04 05:04:01	0	6169
2019-02-04 05:04:01	0	6170
2019-02-04 05:04:01	0	6171
2019-02-04 05:04:01	0	6172
2019-02-04 05:04:01	0	6173
2019-02-04 05:04:01	0	6174
2019-02-04 05:04:01	0	6175
2019-02-04 05:04:01	0	6176
2019-02-04 05:04:01	0	6177
2019-02-04 05:04:01	0	6178
2019-02-04 05:04:01	0	6179
2019-02-04 05:04:01	0	6180
2019-02-04 05:04:01	0	6181
2019-02-04 05:04:01	1	6182
2019-02-04 05:04:01	0	6183
2019-02-04 05:04:01	0	6184
2019-02-04 05:04:01	1	6185
2019-02-04 05:04:01	0	6186
2019-02-04 05:04:01	0	6188
2019-02-04 05:04:01	0	6189
2019-02-04 05:04:01	1	6190
2019-02-04 05:04:01	0	6191
2019-02-04 05:04:01	0	6192
2019-02-04 05:04:01	0	6193
2019-02-04 05:04:01	0	6194
2019-02-04 05:04:01	0	6195
2019-02-04 05:04:01	0	6196
2019-02-04 05:04:01	0	6197
2019-02-04 05:04:01	0	6198
2019-02-04 05:04:01	0	6199
2019-02-04 05:04:01	0	6200
2019-02-04 05:04:01	0	6201
2019-02-04 05:04:01	0	6202
2019-02-04 05:04:01	0	6203
2019-02-04 05:04:01	0	6204
2019-02-04 05:04:01	0	6205
2019-02-04 05:04:01	0	6206
2019-02-04 05:04:01	0	6207
2019-02-04 05:04:01	0	6208
2019-02-04 05:04:01	0	6209
2019-02-04 05:04:01	0	6210
2019-02-04 05:04:01	0	6211
2019-02-04 05:04:01	0	6212
2019-02-04 05:04:01	0	6213
2019-02-04 05:04:01	0	6214
2019-02-04 05:04:01	0	6215
2019-02-04 05:04:01	0	6216
2019-02-04 05:04:01	0	6217
2019-02-04 05:04:01	0	6218
2019-02-04 05:04:01	0	6219
2019-02-04 05:04:01	0	6220
2019-02-04 05:04:01	0	6221
2019-02-04 05:04:01	0	6222
2019-02-04 05:04:01	0	6223
2019-02-04 05:04:01	0	6224
2019-02-04 05:04:01	0	6225
2019-02-04 05:04:01	0	6226
2019-02-04 05:04:01	0	6227
2019-02-04 05:04:01	0	6228
2019-02-04 05:04:01	0	6229
2019-02-04 05:04:01	0	6230
2019-02-04 05:04:01	0	6231
2019-02-04 05:04:01	0	6232
2019-02-04 05:04:01	0	6233
2019-02-04 05:04:01	0	6234
2019-02-04 05:04:01	0	6235
2019-02-04 05:04:01	0	6236
2019-02-04 05:04:01	0	6237
2019-02-04 05:04:01	0	6238
2019-02-04 05:04:01	0	6239
2019-02-04 05:04:01	0	6240
2019-02-04 05:04:01	0	6241
2019-02-04 05:04:01	0	6242
2019-02-04 05:04:01	0	6244
2019-02-04 05:04:01	0	6246
2019-02-04 05:04:01	0	6247
2019-02-04 05:04:01	1	6248
2019-02-04 05:04:01	0	6249
2019-02-04 05:04:01	0	6250
2019-02-04 05:04:01	0	6251
2019-02-04 05:04:01	0	6252
2019-02-04 05:04:01	0	6253
2019-02-04 05:04:01	0	6254
2019-02-04 05:04:01	0	6255
2019-02-04 05:04:01	0	6256
2019-02-04 05:04:01	0	6257
2019-02-04 05:04:01	1	6258
2019-02-04 05:04:01	1	6259
2019-02-04 05:04:01	0	6260
2019-02-04 05:04:01	1	6261
2019-02-04 05:04:01	0	6262
2019-02-04 05:04:01	0	6263
2019-02-04 05:04:01	0	6264
2019-02-04 05:04:01	0	6265
2019-02-04 05:04:01	1	6266
2019-02-04 05:04:01	0	6267
2019-02-04 05:04:01	0	6268
2019-02-04 05:04:01	0	6269
2019-02-04 05:04:01	0	6270
2019-02-04 05:04:01	0	6271
2019-02-04 05:04:01	0	6272
2019-02-04 05:04:01	0	6273
2019-02-04 05:04:01	0	6274
2019-02-04 05:04:01	0	6275
2019-02-04 05:04:01	0	6277
2019-02-04 05:04:01	0	6278
2019-02-04 05:04:01	0	6279
2019-02-04 05:04:01	0	6280
2019-02-04 05:04:01	0	6281
2019-02-04 05:04:01	0	6282
2019-02-04 05:04:01	1	6283
2019-02-04 05:04:01	0	6284
2019-02-04 05:04:01	0	6285
2019-02-04 05:04:01	0	6286
2019-02-04 05:04:01	0	6287
2019-02-04 05:04:01	0	6288
2019-02-04 05:04:01	0	6289
2019-02-04 05:04:01	0	6290
2019-02-04 05:04:01	0	6292
2019-02-04 05:04:01	0	6293
2019-02-04 05:04:01	1	6294
2019-02-04 05:04:01	0	6295
2019-02-04 05:04:01	0	6296
2019-02-04 05:04:01	0	6297
2019-02-04 05:04:01	0	6298
2019-02-04 05:04:01	0	6302
2019-02-04 05:04:01	0	6303
2019-02-04 05:04:01	0	6304
2019-02-04 05:04:01	0	6305
2019-02-04 05:04:01	0	6306
2019-02-04 05:04:01	0	6307
2019-02-04 05:04:01	0	6308
2019-02-04 05:04:01	0	6309
2019-02-04 05:04:01	0	6310
2019-02-04 05:04:01	1	6312
2019-02-04 05:04:01	0	6320
2019-02-04 05:04:01	1	6321
2019-02-04 05:04:01	0	6322
2019-02-04 05:04:01	0	6323
2019-02-04 05:04:01	0	6324
2019-02-04 05:04:01	0	6325
2019-02-04 05:04:01	0	6350
2019-02-04 05:04:01	1	6351
2019-02-04 05:04:01	0	6352
2019-02-04 05:04:01	0	6358
2019-02-04 05:04:01	0	6359
2019-02-04 05:04:01	1	6360
2019-02-04 05:04:01	1	6361
2019-02-04 05:04:01	0	6362
2019-02-04 05:04:01	0	6372
2019-02-04 05:04:01	0	6373
2019-02-04 05:04:01	0	6374
2019-02-04 05:04:01	0	6375
2019-02-04 05:04:01	0	6376
2019-02-04 05:04:01	0	6377
2019-02-04 05:04:01	1	6380
2019-02-04 05:04:01	0	6381
2019-02-04 05:04:01	1	6383
2019-02-04 05:04:01	0	6384
2019-02-04 05:04:01	0	6385
2019-02-04 05:04:01	0	6386
2019-02-04 05:04:01	0	6387
2019-02-04 05:04:01	0	6388
2019-02-04 05:04:01	0	6389
2019-02-04 05:04:01	0	6390
2019-02-04 05:04:01	0	6391
2019-02-04 05:04:01	0	6393
2019-02-04 05:04:01	0	6394
2019-02-04 05:04:01	1	6395
2019-02-04 05:04:01	0	6396
2019-02-04 05:04:01	0	6398
2019-02-04 05:04:01	0	6399
2019-02-04 05:04:01	0	6400
2019-02-04 05:04:01	0	6401
2019-02-04 05:04:01	1	6403
2019-02-04 05:04:01	0	6404
2019-02-04 05:04:01	0	6405
2019-02-04 05:04:01	0	6406
2019-02-04 05:04:01	0	6408
2019-02-04 05:04:01	0	6409
2019-02-04 05:04:01	0	6410
2019-02-04 05:04:01	0	6411
2019-02-04 05:04:01	0	6412
2019-02-04 05:04:01	0	6413
2019-02-04 05:04:01	0	6414
2019-02-04 05:04:01	0	6415
2019-02-04 05:04:01	0	6416
2019-02-04 05:04:01	0	6417
2019-02-04 05:04:01	0	6418
2019-02-04 05:04:01	0	6419
2019-02-04 05:04:01	0	6420
2019-02-04 05:04:01	0	6421
2019-02-04 05:04:01	0	6422
2019-02-04 05:04:01	1	6423
2019-02-04 05:04:01	0	6424
2019-02-04 05:04:01	0	6425
2019-02-04 05:04:01	1	6426
2019-02-04 05:04:01	0	6427
2019-02-04 05:04:01	0	6428
2019-02-04 05:04:01	0	6429
2019-02-04 05:04:01	0	6430
2019-02-04 05:04:01	0	6431
2019-02-04 05:04:01	0	6432
2019-02-04 05:04:01	0	6433
2019-02-04 05:04:01	0	6434
2019-02-04 05:04:01	0	6435
2019-02-04 05:04:01	0	6436
2019-02-04 05:04:01	0	6437
2019-02-04 05:04:01	0	6438
2019-02-04 05:04:01	0	6439
2019-02-04 05:04:01	1	6442
2019-02-04 05:04:01	0	6443
2019-02-04 05:04:01	1	6445
2019-02-04 05:04:01	1	6453
2019-02-04 05:04:01	1	6454
2019-02-04 05:04:01	1	6455
2019-02-04 05:04:01	0	6456
2019-02-04 05:04:01	1	6465
2019-02-04 05:04:01	0	6466
2019-02-04 05:04:01	0	6467
2019-02-04 05:04:01	1	6468
2019-02-04 05:04:01	1	6469
2019-02-04 05:04:01	0	6470
2019-02-04 05:04:01	0	6471
2019-02-04 05:04:01	1	6472
2019-02-04 05:04:01	0	6474
2019-02-04 05:04:01	0	6482
2019-02-04 05:04:01	0	6483
2019-02-04 05:04:01	1	6484
2019-02-04 05:04:01	0	6485
2019-02-04 05:04:01	1	6486
2019-02-04 05:04:01	0	6487
2019-02-04 05:04:01	1	6488
2019-02-04 05:04:01	0	6489
2019-02-04 05:04:01	0	6490
2019-02-04 05:04:01	1	6491
2019-02-04 05:04:01	0	6492
2019-02-04 05:04:01	0	6493
2019-02-04 05:04:01	1	6495
2019-02-04 05:04:01	1	6496
2019-02-04 05:04:01	0	6517
2019-02-04 05:04:01	0	6518
2019-02-04 05:04:01	0	6519
2019-02-04 05:04:01	0	6520
2019-02-04 05:04:01	0	6521
2019-02-04 05:04:01	1	6522
2019-02-04 05:04:01	1	6523
2019-02-04 05:04:01	0	6524
2019-02-04 05:04:01	0	6525
2019-02-04 05:04:01	0	6533
2019-02-04 05:04:01	0	6534
2019-02-04 05:04:01	0	6535
2019-02-04 05:04:01	0	6536
2019-02-04 05:04:01	0	6538
2019-02-04 05:04:01	0	6541
2019-02-04 05:04:01	0	6542
2019-02-04 05:04:01	0	6543
2019-02-04 05:04:01	0	6544
2019-02-04 05:04:01	0	6545
2019-02-04 05:04:01	0	6554
2019-02-04 05:04:01	0	6555
2019-02-04 05:04:01	1	6556
2019-02-04 05:04:01	0	6558
2019-02-04 05:04:01	0	6568
2019-02-04 05:04:01	0	6569
2019-02-04 05:04:01	0	6570
2019-02-04 05:04:01	0	6585
2019-02-04 05:04:01	0	6586
2019-02-04 05:04:01	0	6587
2019-02-04 05:04:01	0	6588
2019-02-04 05:04:01	0	6589
2019-02-04 05:04:01	0	6603
2019-02-04 05:04:01	0	6604
2019-02-04 05:04:01	0	6605
2019-02-04 05:04:01	1	6606
2019-02-04 05:04:01	1	6607
2019-02-04 05:04:01	0	6608
2019-02-04 05:04:01	0	6609
2019-02-04 05:04:01	1	6610
2019-02-04 05:04:01	0	6611
2019-02-04 05:04:01	1	6612
2019-02-04 05:04:01	0	6613
2019-02-04 05:04:01	0	6614
2019-02-04 05:04:01	0	6615
2019-02-04 05:04:01	0	6616
2019-02-04 05:04:01	1	6617
2019-02-04 05:04:01	0	6618
2019-02-04 05:04:01	0	6619
2019-02-04 05:04:01	1	6620
2019-02-04 05:04:01	0	6621
2019-02-04 05:04:01	0	6622
2019-02-04 05:04:01	0	6623
2019-02-04 05:04:01	0	6625
2019-02-04 05:04:01	0	6626
2019-02-04 05:04:01	0	6627
2019-02-04 05:04:01	0	6629
2019-02-04 05:04:01	0	6630
2019-02-04 05:04:01	0	6631
2019-02-04 05:04:01	0	6632
2019-02-04 05:04:01	0	6633
2019-02-04 05:04:01	1	6634
2019-02-04 05:04:01	0	6635
2019-02-04 05:04:01	0	6638
2019-02-04 05:04:01	1	6639
2019-02-04 05:04:01	0	6640
2019-02-04 05:04:01	0	6641
2019-02-04 05:04:01	0	6642
2019-02-04 05:04:01	0	6643
2019-02-04 05:04:01	0	6644
2019-02-04 05:04:01	1	6645
2019-02-04 05:04:01	0	6646
2019-02-04 05:04:01	1	6647
2019-02-04 05:04:01	1	6648
2019-02-04 05:04:01	1	6649
2019-02-04 05:04:01	1	6650
2019-02-04 05:04:01	0	6652
2019-02-04 05:04:01	0	6656
2019-02-04 05:04:01	0	6657
2019-02-04 05:04:01	1	6659
2019-02-04 05:04:01	0	6660
2019-02-04 05:04:01	1	6669
2019-02-04 05:04:01	1	6675
2019-02-04 05:04:01	1	6676
2019-02-04 05:04:01	1	6677
2019-02-04 05:04:01	1	6678
2019-02-04 05:04:01	0	6679
2019-02-04 05:04:01	0	6680
2019-02-04 05:04:01	1	6695
2019-02-04 05:04:01	0	6699
2019-02-04 05:04:01	0	6700
2019-02-04 05:04:01	0	6701
2019-02-04 05:04:01	0	6702
2019-02-04 05:04:01	0	6705
2019-02-04 05:04:01	0	6706
2019-02-04 05:04:01	0	6707
2019-02-04 05:04:01	0	6708
2019-02-04 05:04:01	1	6709
2019-02-04 05:04:01	0	6710
2019-02-04 05:04:01	0	6718
2019-02-04 05:04:01	0	6719
2019-02-04 05:04:01	0	6720
2019-02-04 05:04:01	0	6722
2019-02-04 05:04:01	0	6723
2019-02-04 05:04:01	1	6724
2019-02-04 05:04:01	0	6744
2019-02-04 05:04:01	0	6745
2019-02-04 05:04:01	0	6746
2019-02-04 05:04:01	1	6747
2019-02-04 05:04:01	0	6748
2019-02-04 05:04:01	1	6749
2019-02-04 05:04:01	0	6750
2019-02-04 05:04:01	0	6751
2019-02-04 05:04:01	0	6753
2019-02-04 05:04:01	0	6754
2019-02-04 05:04:01	0	6755
2019-02-04 05:04:01	0	6756
2019-02-04 05:04:01	0	6757
2019-02-04 05:04:01	0	6758
2019-02-04 05:04:01	0	6759
2019-02-04 05:04:01	0	6760
2019-02-04 05:04:01	0	6761
2019-02-04 05:04:01	1	6820
2019-02-04 05:04:01	1	6821
2019-02-04 05:04:01	1	6823
2019-02-04 05:04:01	0	6824
2019-02-04 05:04:01	1	6825
2019-02-04 05:04:01	1	6826
2019-02-04 05:04:01	0	6828
2019-02-04 05:04:01	0	6829
2019-02-04 05:04:01	1	6830
2019-02-04 05:04:01	1	6831
2019-02-04 05:04:01	1	6832
2019-02-04 05:04:01	0	6833
2019-02-04 05:04:01	1	6834
2019-02-04 05:04:01	0	6835
2019-02-04 05:04:01	0	6836
2019-02-04 05:04:01	0	6837
2019-02-04 05:04:01	1	6838
2019-02-04 05:04:01	0	6839
2019-02-04 05:04:01	1	6840
2019-02-04 05:04:01	0	6841
2019-02-04 05:04:01	0	6842
2019-02-04 05:04:01	0	6844
2019-02-04 05:04:01	0	6845
2019-02-04 05:04:01	0	6846
2019-02-04 05:04:01	0	6847
2019-02-04 05:04:01	0	6849
2019-02-04 05:04:01	0	6850
2019-02-04 05:04:01	0	6854
2019-02-04 05:04:01	0	6855
2019-02-04 05:04:01	0	6856
2019-02-04 05:04:01	1	6859
2019-02-04 05:04:01	0	6860
2019-02-04 05:04:01	0	6861
2019-02-04 05:04:01	0	6862
2019-02-04 05:04:01	0	6863
2019-02-04 05:04:01	0	6864
2019-02-04 05:04:01	0	6865
2019-02-04 05:04:01	0	6866
2019-02-04 05:04:01	0	6867
2019-02-04 05:04:01	0	6868
2019-02-04 05:04:01	0	6869
2019-02-04 05:04:01	0	6870
2019-02-04 05:04:01	0	6871
2019-02-04 05:04:01	0	6872
2019-02-04 05:04:01	0	6873
2019-02-04 05:04:01	0	6874
2019-02-04 05:04:01	0	6875
2019-02-04 05:04:01	0	6876
2019-02-04 05:04:01	1	6877
2019-02-04 05:04:01	0	6878
2019-02-04 05:04:01	1	6879
2019-02-04 05:04:01	0	6882
2019-02-04 05:04:01	0	6883
2019-02-04 05:04:01	0	6884
2019-02-04 05:04:01	0	6885
2019-02-04 05:04:01	0	6886
2019-02-04 05:04:01	0	6887
2019-02-04 05:04:01	0	6888
2019-02-04 05:04:01	0	6889
2019-02-04 05:04:01	0	6890
2019-02-04 05:04:01	0	6892
2019-02-04 05:04:01	0	6893
2019-02-04 05:04:01	0	6894
2019-02-04 05:04:01	0	6895
2019-02-04 05:04:01	0	6896
2019-02-04 05:04:01	0	6897
2019-02-04 05:04:01	0	6898
2019-02-04 05:04:01	0	6899
2019-02-04 05:04:01	0	6900
2019-02-04 05:04:01	0	6901
2019-02-04 05:04:01	0	6902
2019-02-04 05:04:01	0	6903
2019-02-04 05:04:01	0	6904
2019-02-04 05:04:01	0	6905
2019-02-04 05:04:01	0	6906
2019-02-04 05:04:01	0	6907
2019-02-04 05:04:01	0	6908
2019-02-04 05:04:01	0	6909
2019-02-04 05:04:01	0	6910
2019-02-04 05:04:01	0	6919
2019-02-04 05:04:01	0	6920
2019-02-04 05:04:01	1	6921
2019-02-04 05:04:01	0	6922
2019-02-04 05:04:01	0	6923
2019-02-04 05:04:01	1	7049
2019-02-04 05:04:01	0	7052
2019-02-04 05:04:01	0	7053
2019-02-04 05:04:01	0	7059
2019-02-04 05:04:01	0	7060
2019-02-04 05:04:01	1	7062
2019-02-04 05:04:01	0	7862
2019-02-04 05:04:01	0	7863
2019-02-04 05:04:01	0	7864
2019-02-04 05:04:01	0	7865
2019-02-04 05:04:01	0	7867
